116482
41345
35617
34273
30369
28865
27136
28705
28097
25792
248389
27904
25313
493322
27456
27521
506890
27329
27136
494922
26976
26465
530955
27520
27105
509482
27712
25953
524651
26689
26656
518795
26241
26561
515434
26913
26785
512171
26049
26432
516363
26368
24384
523178
26177
25793
520363
27296
24737
502314
26592
26688
524042
27040
25697
532779
27201
27937
531019
27393
24896
530858
27488
25185
524331
28065
28320
516874
28449
26784
526410
27008
26689
441513
27937
26176
521707
27713
26592
533450
27457
25664
510347
27936
24832
516394
27872
26273
524042
27840
24961
532203
27681
27904
522922
29569
26688
476489
29857
26817
491146
28992
27041
487818
29377
26272
494891
28129
26272
509259
28609
27041
507754
27776
27041
502987
29633
29025
478122
29217
31488
462793
29153
30913
470538
30817
31553
442633
29344
29504
479465
29185
29601
478442
29217
29601
483082
28544
28960
480617
29761
31009
479434
29856
28928
464553
29024
29376
419848
29633
29729
475690
30208
30497
477482
31969
31680
422824
31009
32833
420617
31745
32801
433129
31296
32960
425609
31168
32769
430025
31841
30112
412776
31105
32545
440488
31425
31777
422633
31457
31425
429033
31137
30657
445834
31584
31233
425641
32001
31425
442857
31297
33825
440329
31584
31904
444265
30657
30465
434761
33600
32897
415049
33025
32832
401544
32736
33665
397864
33217
33921
403272
33345
33088
410536
33568
33025
402600
33409
33089
400072
33857
33792
343111
33889
35424
416936
34177
33153
425161
33409
32832
410536
33536
33569
394376
33697
33377
398376
32929
32832
411336
32416
32993
396808
32641
33504
393160
34240
31713
394024
33376
33921
392967
32225
32993
405000
33089
32416
412168
33216
33793
400809
36352
35713
348519
34721
35745
376039
34337
35360
372456
35584
35809
356647
34976
36032
364327
35745
37633
345703
35553
35105
381320
35201
36897
373607
35841
37345
365192
35457
34849
361799
36448
35361
347559
36097
35969
296678
37281
33728
248805
35168
35488
367687
35425
35585
372200
34849
35136
353767
35841
35233
346984
35232
37089
345159
35264
35328
355399
34817
35297
357896
34785
33793
379144
35585
35105
337479
33856
35136
371207
35265
35201
382696
36897
36416
305990
35424
36032
368263
35713
36769
367496
35905
41345
371367
35969
37313
343462
35553
37057
379752
35425
35777
345511
36545
35072
369512
35841
33248
385480
35713
36064
306374
36961
37089
346759
35393
35649
366887
39233
39777
315462
37792
35072
280742
36225
33696
352935
36225
34593
340326
35521
35329
358184
35521
36321
379656
37569
39617
323847
37760
37984
332935
34689
34017
344391
34625
34753
362792
37153
35009
362471
39297
36289
335558
38304
36833
315239
35361
34848
350599
35969
37025
357832
35105
37761
358599
38113
37408
307558
38561
37504
328551
37377
37569
324614
37313
37281
324070
39521
37825
267462
38400
37889
321702
38049
37793
323623
38689
40001
320262
40449
40224
302118
37793
39649
328647
38465
37025
276773
38337
39073
318278
36513
38912
320999
37537
35009
318566
37505
36801
336199
37313
40129
336647
37793
40001
304550
38177
37601
330119
38593
37825
319078
38177
37345
321510
37569
36673
334183
36353
37216
348519
38208
39616
307398
36897
37633
350087
39137
39617
317350
37889
39841
281862
37696
39009
327975
37953
38017
322758
36257
36321
338055
38241
38017
247749
37217
39169
339879
39905
36768
331911
39393
37697
329767
38881
37505
342823
38688
40449
321831
39265
36193
300230
38624
36896
320231
38657
36512
341543
37473
36833
328006
37505
37537
347015
38464
37473
337927
39041
39841
330502
37921
36833
351143
37824
37408
348199
38369
37344
322823
37889
37377
346887
38305
35521
334022
37793
36673
339143
39264
39488
336967
39233
37153
345447
38433
38977
348647
39649
39361
331335
38785
37313
335911
38113
36513
350151
37153
37313
338823
38817
38912
323559
37152
38497
256389
38625
38209
339110
40160
36224
325159
40481
37729
314726
39649
37345
277510
37888
37153
328167
37953
37153
337287
38273
37633
343271
37537
37376
333671
37728
37025
341479
37729
37760
319143
37665
36705
352967
39905
36705
324198
39873
39937
335207
38465
38177
321478
39393
37249
343079
38881
36960
342727
40129
39777
322374
40289
36736
325607
39713
36385
328262
37953
37953
322086
38561
37344
331623
39201
36641
325798
37985
36225
350919
41793
39680
281830
41633
40897
289157
40865
40481
278566
37952
37441
332455
37504
38721
345927
38881
36224
283910
37568
38497
255493
38593
37409
335207
40160
36993
318535
38497
37633
328070
39329
36928
323367
39329
38177
359591
40769
40513
277861
42176
38753
301318
38497
37441
319078
37729
37537
340519
36897
37281
349927
38241
36705
335206
37761
37441
333543
37313
37184
337415
41889
38337
278853
40769
40033
293382
38305
38113
322310
38017
37249
344455
37121
37665
338119
38881
39201
279589
39713
40449
293286
38496
36577
319783
37152
37409
341767
36737
37633
352519
40865
41793
222084
40609
39905
302823
40481
43137
286406
41057
39648
289894
39809
39649
294278
41473
37985
275685
40577
39713
262821
40288
39617
287974
40129
41985
296550
40961
40641
197124
39616
40065
294118
38625
39009
286054
41760
39649
284454
42657
40256
271398
42849
38817
278501
40609
39841
305798
41025
39744
280294
43073
40033
275301
42625
39745
285030
43041
38689
267429
41280
37665
289094
42209
39937
285990
40545
39233
303302
39361
39009
303398
39649
38529
297894
40673
39137
267622
40129
40033
272486
40000
38529
309862
39489
39937
287621
39905
39137
299398
39105
37473
288902
40321
40737
305575
40544
38561
298822
40161
37632
311143
40288
37281
298406
39041
36897
326599
38817
39488
304006
41281
38592
268262
40321
40353
286598
39233
38529
299975
41249
39616
284422
42017
37985
282917
40929
39297
274374
39937
38624
289574
41408
38337
279781
40161
37665
175268
39713
38464
292198
40609
38017
296486
41249
37984
285574
41217
39265
278821
41792
41057
230757
42177
38369
302534
41121
38017
294854
40640
37761
291142
41665
38561
277829
41057
36481
276614
39872
39777
297766
39041
37857
308550
41921
38881
293126
39393
42497
251717
40385
39424
296966
42337
38208
267398
40065
38048
283078
40417
40961
297030
39777
37345
316071
39745
40257
313702
42145
37985
307207
38945
42144
278278
42209
42401
272037
40737
41921
263814
40896
37921
263589
39713
39553
298055
41889
39937
284678
41217
40033
272421
41440
39777
278246
40609
39136
235493
39937
39905
280869
40001
42753
300038
40352
38273
253317
40001
43361
294854
41345
39937
278278
39681
40129
300742
39680
37601
286118
40545
37857
296934
40737
39488
298278
40673
39104
183780
39360
39393
301542
40673
40608
300198
41153
38433
304070
40129
40321
297414
41921
38048
261670
42529
37537
287974
39937
37696
299366
40449
40417
307943
40480
40545
290310
40705
38240
303238
40257
38401
311943
40801
38241
308774
40513
37760
306438
41569
39009
312967
41441
38817
248933
40961
38080
312935
40225
38849
302822
42369
37441
282757
38561
36833
316807
39777
37889
298214
42209
38721
299366
40608
38401
299558
39969
39137
313894
42081
38913
301031
40768
38529
302374
39873
40289
286278
40481
39009
311623
42113
40033
291910
40417
39809
296230
39521
37633
313991
39713
37537
316902
42401
40129
299367
41505
38625
316135
41409
38561
300678
41344
37345
294406
41761
39744
275078
41857
40769
286085
39265
37441
305638
41089
40545
252453
40449
40033
296807
40481
38785
284934
41057
40161
300454
41825
38337
283366
41824
37857
203748
40416
38017
273413
41985
39393
275494
42465
38401
268485
43329
41153
289573
43809
40129
264614
39457
39873
280262
43136
39361
276454
41696
37857
306854
41473
38273
286950
40833
38145
298438
41153
40001
323719
40929
38785
278469
42881
39777
295782
42529
39745
273285
41600
42241
270374
41761
40065
279846
39489
38465
307078
39649
40001
301767
41857
37889
281542
42241
39008
164963
39937
37569
300166
41537
39009
298470
40673
37057
285541
41793
39969
289062
41889
40576
291110
42241
39905
271686
41793
43393
260133
40097
38721
293350
40129
40001
295622
39681
40769
297926
42144
39393
269093
40096
39041
302438
40161
40577
273125
40929
37377
301863
39584
40673
307270
40673
38977
309798
41888
36737
289062
41825
36993
299366
40801
37600
301606
42496
39105
295270
42689
37408
295014
39905
37569
265254
40864
39297
299462
39073
40833
312166
40385
43296
259078
40993
39297
293062
41921
36992
301894
42049
40129
176228
41729
38752
287014
40193
38625
293926
40736
40385
291494
42657
39649
273701
41024
40481
291334
41152
41857
302054
40001
36992
299654
39809
39841
300998
40385
39201
277286
40961
37760
304135
41697
39328
276678
39361
38720
288902
41217
37633
299687
40064
38657
312230
39521
37601
314086
39392
38977
293382
40129
38721
287814
39937
37729
315622
40257
39393
280358
41697
39712
286982
41825
38912
266214
40961
40449
236165
39873
37152
300582
39168
38913
297414
41729
39840
277286
39521
40129
284933
39425
38944
268294
41473
40417
302534
40257
38081
270149
40225
40000
274374
40705
40161
307846
41601
37312
309927
40129
42081
292422
39297
39104
297798
42241
40097
294790
40737
41761
263045
41505
39969
298599
42113
39872
278054
39585
42753
276709
42145
40128
281446
41344
37665
248741
39329
38017
318886
40929
40001
294822
40673
41313
279141
41857
41121
282598
41792
40929
292998
40609
43201
225092
40609
39265
264869
40801
39168
281446
42497
39649
281349
41857
40513
274246
39905
41408
281190
42625
39969
162883
42049
41057
288390
40193
39425
324294
42177
41729
260197
43329
36800
276262
40289
39488
300710
41537
41153
283078
42337
39712
279622
40737
38432
251877
42113
39713
278950
42145
37953
308614
39937
38401
319078
40801
38977
308135
39969
36929
314502
41121
37569
279206
40928
38305
309126
38945
38529
286373
40128
42113
285510
42049
37761
283270
42209
45345
170948
40833
39936
275110
42177
38369
282982
40193
38561
283846
42433
38240
277158
40673
39297
280549
40833
37568
271206
42241
38400
276678
40289
37345
292742
42209
39233
284102
40161
38816
293798
39361
37856
315399
42497
38624
275590
39521
39489
303206
39457
38656
314215
39873
38273
289990
40833
37601
316742
41217
37121
305574
39521
38177
295878
39361
39360
309862
41793
38337
282534
41857
37537
279173
40352
38113
289990
39105
38401
297126
40001
38720
298214
41057
43233
241541
40641
40833
269253
41121
39137
290277
41345
36929
290694
40257
37857
308070
39457
38656
315111
41281
39489
285094
40737
38977
296678
41377
38272
262694
40961
37825
300070
41185
36769
315910
39296
38017
304198
40161
38305
308486
40705
38433
283910
40033
38369
297222
42977
39713
124450
42465
39137
295398
41793
39745
275942
39937
40865
286598
40417
42913
299846
40673
39489
274053
41056
39617
275141
40833
39745
283462
41057
39489
282117
39681
37729
297286
41601
39713
219333
40449
37280
311015
39841
37601
295110
40705
39681
299078
39649
41856
300326
40193
40193
307878
40929
42785
309286
41857
40097
296934
39361
39649
309574
40321
39777
297830
38945
42913
295366
39841
38816
335591
39872
40065
332678
38145
39265
311623
39553
38817
300518
41505
39296
307175
40896
38913
298214
40065
38241
309382
42337
38913
315111
41089
38753
273446
41729
38497
293126
41377
38945
309222
41217
37665
315622
39841
38464
308039
40096
37697
314950
39521
40353
250053
42081
38817
306311
41665
40256
283590
39681
39617
305478
40449
40449
309415
41025
39649
307974
41249
39681
283622
40353
39105
296006
41569
40192
289958
39264
39905
284486
41729
38561
295494
42401
37952
296998
41536
37857
301638
40225
39873
313030
41601
40001
284517
40321
38721
315751
39969
40065
303398
40161
42593
294790
40321
41697
297382
39969
38593
286021
40097
39425
300518
40865
40321
281030
40193
38401
297287
40897
39744
277926
40385
37633
310086
40993
39648
275302
40993
40449
256933
40993
39809
305926
40320
39841
290342
40960
39873
173219
41665
42785
274470
41185
42689
262438
42849
40161
283942
42112
40097
285542
40129
38113
299494
40929
38177
273445
40032
37441
289638
41729
42240
274438
40897
41441
279397
40481
39617
291046
39361
41952
278534
40577
41696
300998
40513
37057
296326
39233
42368
290502
40096
39425
289446
39905
38977
290630
40257
40160
298022
40800
41953
292934
40097
40257
303750
40033
37472
300902
40897
44289
104130
43265
41953
225380
41985
39776
301734
42177
40833
311462
40033
37600
307430
39041
42593
275750
40321
38592
290726
39233
38944
302022
40385
41473
304519
39840
38017
311590
39105
39072
305158
39968
37793
310406
40193
42657
295942
39777
39008
307751
40352
37889
306278
39233
42721
288838
41473
37377
287270
40417
41249
293990
40193
41537
294950
41665
37793
289670
40481
40096
299782
40193
38433
279974
40256
39905
303206
40161
40609
291270
42017
38209
247301
39585
40256
225253
40161
40000
299782
39073
41697
293766
41024
42369
255237
39936
42401
285638
40993
39617
262821
40544
36673
271781
40545
39009
270246
40385
39937
276774
40033
39457
294438
40769
41313
283174
40193
40833
281414
39200
41953
276165
39264
40481
301510
40641
43456
300966
40737
40481
253797
41313
42529
297574
39169
39584
303142
39168
42497
290790
40161
41473
301894
40897
40512
302406
39521
39777
294182
40833
43457
318022
41601
38689
232292
41569
39169
257829
42113
39808
103042
40480
37697
285190
40929
39009
270469
41888
39617
268101
42625
40544
265446
42785
40033
268133
42369
40993
264678
41345
40801
288550
40193
37952
293222
40929
40001
289382
42081
38848
279558
41921
38240
299686
40224
38241
287270
40801
37281
266629
40705
38881
262373
42240
39809
292166
39425
36864
293926
41345
37920
275846
41217
37249
259077
40449
39073
278437
41537
36928
265958
41153
37345
267429
40033
38305
292389
39808
37377
298022
40449
37248
293574
40321
38081
219269
39969
37473
283974
38977
38081
287846
39585
38113
305031
39488
38561
304102
39168
37665
277349
40961
40128
271910
41537
39329
271557
42720
38177
277669
41057
37216
276710
42432
38977
265381
42625
41665
241285
40129
37281
288197
39521
37536
251813
41953
37568
270502
41793
37889
271845
42177
37632
280390
41633
38305
253573
42208
38593
259493
41121
37121
276262
41792
40833
247557
40320
40193
263109
42241
37824
270598
41313
36769
269605
39329
36544
309831
41537
37985
205124
41697
37889
298982
40961
39585
269766
41281
39617
269093
41377
37377
257125
41953
37408
271558
42241
37921
276133
41249
38881
263429
41281
37409
288614
42273
37057
276293
39297
37888
302855
42017
37985
267622
42785
37056
249189
41121
37280
265862
41825
37473
270181
40448
37121
279045
41089
38976
266662
39713
38465
306022
40929
38304
304391
42016
38113
309254
41089
38049
266725
42337
39809
295206
42080
37825
302214
42080
39521
266469
41921
37633
288774
40289
41345
240005
42400
39393
271686
42657
37697
282566
40801
38593
149475
41889
38017
272902
40545
37344
282822
42049
38177
279174
41281
37504
269670
39713
38625
299206
40256
38881
274821
40833
40385
296582
41505
37504
285062
40896
37473
293446
41505
40961
255557
42784
38273
269702
40385
37281
284422
40609
37953
301574
40129
37056
307206
41249
38721
283046
39712
40737
269669
39553
37665
295430
39777
37793
280326
41697
37697
304038
40513
40449
238693
42145
39809
268485
41985
42561
211140
42433
37569
278630
41921
38145
250213
42625
38625
284933
41793
37664
270086
41825
37601
272837
40865
38817
270662
41089
37665
267301
39681
37824
305222
41057
37056
276710
41057
37313
301062
42273
37985
300999
42337
37440
270886
42497
38881
279654
43233
40449
266726
41760
37409
283334
41953
40064
297510
41345
38369
299686
40897
39937
295078
40192
38241
267173
40289
39937
271110
39873
39425
302438
41729
37985
255046
41344
37409
303782
40097
38209
285606
41153
39873
170148
42113
38177
278758
42081
37889
271845
41281
40000
269958
41057
37345
274406
41696
38241
272869
40672
38305
301542
40992
38337
267333
40321
38304
309895
40417
38592
281382
40129
40160
293574
41793
40097
301670
41793
40033
298918
39969
36928
310438
41569
39840
276838
41793
37440
288294
39873
37248
313799
41441
37921
300614
39201
39681
313062
40705
37793
299238
40577
37249
306182
41088
36897
284421
42273
40128
272614
40065
37281
283430
41345
37633
296775
41633
37697
214053
40705
38401
306918
40481
37761
294822
42017
38208
279782
39905
40096
295974
41313
37697
293894
39905
37537
304294
39873
37857
290374
43137
40321
263685
41984
40225
264517
42145
37985
298982
41409
37761
288358
42209
38209
266437
41185
37057
298854
42337
37600
135267
41089
37793
292390
41312
37888
276710
40481
40832
290534
40193
38721
274118
40897
40161
291141
41121
40832
247525
42049
40961
252869
43457
40641
258853
42304
40385
285286
39777
37601
248293
41729
40737
226789
41792
37537
276774
42433
42241
280517
40545
41537
261093
41505
38816
264262
39329
37633
299334
39073
40000
301414
39489
37696
268774
41857
38241
267557
42593
38817
263622
41024
39713
293030
41665
37280
297030
41025
39809
289414
41953
37345
298438
41696
40001
287430
40513
39681
276166
40161
38145
302374
41473
38656
257797
40000
37281
303910
40065
40449
276869
41281
38433
273414
40865
38753
294662
42336
37761
284230
40609
39745
256741
40193
39905
295782
40673
37793
246405
41569
37504
281446
39776
39489
260645
39521
40225
300999
39776
39937
293158
39489
39520
293830
40769
38848
265414
39681
37985
266277
39584
39169
273637
40001
37185
281926
40833
40416
290918
40705
42017
266758
39552
38657
296774
39745
38272
296390
40353
39297
271110
39169
38465
293894
43200
37793
275749
41057
42689
292102
39745
40321
251461
42081
38977
299143
40352
39297
296614
41569
37409
299622
40321
42369
287974
40000
38209
309510
39489
41185
289702
45185
39584
189220
39776
37569
291846
39329
37633
323974
40512
37537
301478
39009
38081
305510
41345
38593
301703
41281
38081
298054
40289
38688
299494
41633
37793
302438
40801
37632
294406
41569
38945
284133
41345
39585
261958
40065
37985
304070
41281
39649
291141
39648
37601
297382
41985
39648
291878
40545
40385
295462
41089
39713
291494
40929
40801
263109
40993
39585
278950
41697
38593
284421
39777
39456
254502
40801
39745
290502
41761
39905
273637
41281
41313
285222
40608
42145
207620
42304
39905
270725
40353
38017
288838
41057
38720
287814
40928
41889
277925
40545
38657
291206
40001
39456
289542
41153
39713
300039
39745
38337
152611
40737
39488
298246
39425
39745
298342
41025
39681
318342
40352
40161
267205
40321
41953
295494
40577
39553
304102
40449
39841
292966
39713
37024
279366
42081
40001
262821
40289
39233
297062
40001
39713
302374
39233
38881
300263
41217
38496
264646
41921
41313
275109
40449
39169
299495
41825
40289
267206
40961
39841
226532
40353
39777
294086
40096
44289
298726
40321
40544
293286
40225
40289
300134
41537
39873
272325
41824
39297
276773
41664
41409
292454
40705
40352
292550
40129
39777
254982
40032
43009
300486
40608
40193
268773
41217
41281
297542
42017
41089
292806
40993
40641
294566
40288
39297
247045
38976
39873
310854
40224
44513
259974
40417
37344
322311
40449
39841
300774
40577
42401
294438
39969
39329
296710
41312
40321
275653
41440
39329
294118
40097
39041
298470
41057
39873
237572
40801
40256
280518
41217
40417
288422
40961
39553
296710
40545
38881
297190
38433
39457
308742
40864
39297
296038
40193
40001
301254
40001
39073
298695
40256
39297
283238
40161
41185
299846
40001
39681
300423
40704
40961
296198
39809
39584
296870
40001
40609
268806
39585
42145
297254
40096
39425
277829
40353
39553
278022
41281
39745
253957
40512
39713
284422
39328
40449
296358
41185
38433
308454
39489
39745
297862
39681
37601
301734
40833
42464
300070
41025
40512
204580
39841
38913
271461
40928
40001
277765
40449
38593
281926
41217
40033
288998
40129
38145
296678
40001
39137
289894
40768
40449
261605
40608
40033
286150
39969
39393
260197
40353
39521
292197
39392
39649
295782
40705
39521
287654
40353
39585
248901
39873
40449
290630
40416
40033
264357
40673
39553
280390
41473
38273
251493
39489
38273
289989
41825
39137
257701
40864
39873
277094
40417
39937
261541
40000
39873
286150
40865
38593
276005
41312
40577
282918
41057
37825
226469
39745
39937
288133
40737
40289
263462
41185
40064
288678
40033
39681
287110
40385
40385
263941
40449
40705
288070
40993
39649
283814
40225
39073
292518
40321
40577
287141
42656
40673
286438
40289
41504
286054
40929
38657
289157
42017
39073
259302
40449
39968
287814
40961
38209
278054
40256
40065
297254
41248
39745
264837
40897
38593
280582
40129
40544
287814
41473
40321
286277
40961
40449
262309
40353
40096
288134
40257
39585
285702
40065
40577
218181
39809
38593
283429
40449
39777
290310
40801
38464
280486
40129
40545
286725
39393
40353
262534
40321
42273
270853
40993
39904
294374
44224
38273
182212
42721
38753
285094
40961
39425
292358
42977
40193
284710
42689
39841
289030
40129
39489
290342
41281
40449
293670
41089
39489
293830
40352
40513
295366
39937
39232
298982
40193
38977
296070
42369
38657
300774
43169
37632
298726
40961
39969
300646
40961
38305
299942
39585
38400
304422
41408
39777
294310
42817
38209
226660
40097
37633
298183
42080
39617
298566
41217
38753
291974
41153
39713
285574
41153
39457
298054
40673
38848
307302
40608
37505
302214
41153
38273
266501
39777
38593
301287
41601
38337
302470
41793
39937
285382
40769
39169
303431
41729
39265
293158
40321
39937
295782
41824
40193
291302
41761
38049
301542
40097
37888
302886
40256
40865
299206
41025
38369
301638
42017
37601
296454
39809
40001
294918
41953
40705
286918
40225
37921
297510
40641
38593
303462
41921
39041
239844
39264
40929
297798
40481
39745
300710
42561
39297
303143
39777
37825
302406
40545
40225
294406
40128
39841
299142
41025
39585
300678
40769
40065
282821
39841
40129
297638
40545
40544
285222
39969
40513
297798
42176
40129
292998
42305
38945
292198
40705
39264
311847
41921
38817
299654
42785
40001
283365
42529
37665
300390
41697
39424
289478
41921
40801
292678
40992
38529
300038
41953
39521
285254
42401
38401
285222
41569
40672
280838
41505
40673
215236
41185
37888
303462
41216
39009
251077
41985
39489
281126
41633
39297
293734
40641
40129
287750
40992
40545
282086
42273
40129
298758
40417
40321
299591
40448
40001
291046
41313
36800
292134
40577
37921
302758
42497
40736
285766
41921
38465
288358
40929
37921
292358
39489
37217
313414
41825
39617
296838
41153
38817
302502
41153
40225
291174
41952
39937
298630
41505
39681
302086
41793
38529
300646
41729
38977
292326
39169
37952
302246
39777
38977
304454
40833
39745
204196
40289
39937
285510
40545
39649
293862
42081
40897
287589
39840
39361
298150
42177
38368
294790
41217
37825
301990
42209
38273
295910
42337
36896
302182
41889
38497
295046
41377
38721
304358
41345
37921
298374
41857
38721
299622
40737
38945
294982
41120
38561
296326
42369
40896
291686
41505
40800
312039
42401
39937
295046
42529
38689
290086
41440
38017
299654
42177
37697
299526
42273
38337
294438
41505
37857
302566
41601
38688
300166
41216
38369
300678
40417
37505
239429
40961
38593
296422
41057
38689
299270
41473
40257
295526
41601
40577
290534
41409
38976
290822
40993
37089
297478
42081
37825
290726
40993
37728
300038
40353
37953
305542
41185
39617
302630
40481
37505
306375
40417
38465
297446
41729
39681
294118
42048
38721
294406
40993
40257
300934
41729
38305
293190
41761
40193
294598
41313
40577
294758
40352
37825
296870
42497
38496
290246
41505
39265
299591
40353
38049
304198
41153
37856
298054
40672
43233
211429
41121
40097
322502
43329
39361
223941
42337
39488
279174
41409
39393
289542
41312
39169
293702
42081
37761
301286
40705
37569
305991
41025
37761
296934
39745
37792
300422
41025
39617
298406
41121
38017
303174
42017
38817
294278
42177
38113
294886
41249
39905
294310
41344
39617
294374
41985
38401
298406
41121
38113
301319
41280
38369
298598
42401
38880
295814
42400
38529
293382
42017
38689
304390
38817
38752
305158
41184
40481
304422
40289
37504
300966
41729
39425
230405
40897
37377
307782
41057
38945
304263
42465
38561
290374
41249
37312
299078
41248
39073
294918
41057
38785
298726
40769
39648
302439
38976
39425
295398
40929
38048
302086
39489
38561
303334
42113
39169
293734
41729
38369
300775
42433
37569
294118
42785
38784
299814
42113
40449
290950
41569
40033
299590
39873
39649
296582
41569
40577
288422
39905
37537
307014
40513
38337
303975
39201
37985
307494
39297
40000
303430
41729
40577
287750
41665
39297
290918
41792
39169
236261
40001
37025
300550
40001
37953
300071
40000
40001
289638
40257
40544
296166
39649
38593
300614
42785
41281
272902
39745
38848
304454
39841
41281
299750
41249
39968
295334
42464
40609
284198
40481
40256
288582
41409
39041
287814
41793
40096
296166
42529
38721
274117
38881
39969
293862
39201
38369
304838
38817
38561
288421
41377
37440
320423
39041
38081
301670
39969
37120
310151
38689
38497
297350
42049
39105
288741
41056
37313
299430
40737
40160
240005
42689
40129
281798
42017
39937
290406
40769
40097
292038
40448
40673
287430
40769
38881
296806
41025
40609
299302
41057
37889
302118
39713
39488
301062
39776
39937
291846
41409
39968
294822
41409
40801
296934
41377
39777
293830
41633
40225
296614
40800
39873
295526
41793
39745
299910
41185
39777
304007
41729
39937
288166
40545
39264
295142
41665
39009
295686
39137
40257
296998
39553
40929
297767
41537
40577
292454
41857
39744
297542
40129
41089
303718
41441
40705
201892
39937
41505
301703
40512
37505
315750
40897
39712
301542
41504
40737
283974
42497
40448
284998
42177
40737
290150
39649
37953
294662
41473
40449
300678
41537
38209
299686
41761
39681
301254
41025
39745
294694
41248
39681
295782
41921
39937
294438
41697
40033
295750
41665
40097
295046
42817
40353
284613
41729
40001
290374
42305
40480
293030
41920
40193
290630
41857
39648
291078
40673
39233
323591
40257
38177
292998
40673
37856
306566
40385
38017
288582
41569
37280
237093
41409
37376
312967
41056
39777
296774
41729
39553
283814
41633
40801
290726
41281
40321
290790
42017
40193
286117
40961
39009
290566
41345
39617
289542
40928
39393
286630
42401
40513
281958
41505
40321
292134
41440
40385
296006
40577
41057
276549
41312
40257
288006
40865
40256
282854
41953
40577
290917
41216
39841
298854
41217
39936
294278
41409
39681
297894
40672
38337
312358
39937
38624
308039
39552
38561
308326
40545
39105
292454
40417
41025
225445
40769
40544
286214
41537
40481
289478
41632
40577
287398
42337
40193
284198
40673
40001
290502
41569
40256
288166
40801
40577
292422
41729
39073
319527
41729
40448
292006
41824
40705
281126
42017
40737
290022
41633
40449
291621
42304
40353
289670
42113
39040
289606
40673
40161
283430
42145
40609
290438
41441
38593
292134
41472
40065
286214
40961
40352
293126
41985
40001
284678
41985
40512
285126
41153
39489
291845
41984
40161
293542
41697
39776
298598
40897
39457
228805
41441
40929
290790
41249
40193
296070
40353
39457
304390
41665
40832
289382
41281
40129
293958
40481
40385
292902
42177
40577
288101
42625
40385
292710
41985
40352
289158
41569
39713
295206
41921
40705
290310
42305
40193
292710
41760
40929
292870
41633
39520
293766
42273
40257
295334
41793
39713
299078
41729
40001
294054
41216
39809
285030
41281
40096
287814
41089
40513
283462
41825
40321
290822
40513
39489
288934
41953
40673
280358
41153
39712
293574
41760
39105
232293
41569
40993
290214
41249
39744
294150
40705
40609
286790
40833
40128
283782
41345
39521
287622
42369
41216
280870
42369
40417
289158
42336
39969
294662
42241
41249
300359
40161
38049
287014
40544
39041
304550
41697
40321
290726
41921
40737
289478
41057
37569
295270
42529
40545
290661
42657
38945
285638
41409
39904
298150
42721
40833
292582
41569
40193
291174
41825
39649
297479
41760
40769
294822
42113
40961
292486
41568
40065
288966
41601
39777
230693
41953
39777
289989
41312
40193
295718
41441
40288
294598
41281
38241
285766
42497
39872
291974
41249
38913
301254
41728
40385
302662
42209
37824
293990
40769
39905
309735
40897
40321
296550
41249
40289
291238
41505
40161
292806
42433
39648
292550
42049
39393
294950
41185
40705
288486
41153
41633
295815
41184
41153
297798
41504
39073
323878
40801
39809
300166
41089
40320
291878
42401
39841
288517
40673
41313
286918
41313
39968
297958
41281
39393
293478
42561
38944
193508
41441
38753
317830
40097
40353
301158
41409
39169
300678
39873
40449
296390
42689
40641
294406
42081
40577
296582
41216
39297
292454
41921
40512
287782
41569
39585
291718
41537
39776
289446
41313
38977
291334
42209
39809
299366
40961
39841
268101
40161
40385
288070
42145
40929
290406
42177
39873
291590
41824
40289
294150
41953
39328
292326
42177
40097
292646
41313
39329
291270
41729
39873
294086
41472
40129
292646
42369
40833
296390
40961
40545
296198
42305
40192
233125
42529
41153
290597
40833
38497
304262
41921
40833
294790
42849
37665
270374
41601
38785
293126
41281
41313
287589
41728
41121
280486
42721
40289
287366
42017
40545
295206
41728
37857
306726
42337
39297
294342
41888
39713
288742
39905
38337
296710
42209
40641
289702
41793
40385
293830
42209
40289
294694
41888
40001
288390
42945
39808
291974
41281
39745
291206
41761
40737
291398
42657
39585
289926
41664
40065
294150
41569
40704
285446
41569
40545
227909
39361
38273
298630
40929
40224
294886
40769
37793
304102
42177
38176
291942
40609
37601
304327
41953
40865
291590
41537
40096
295526
41505
39809
293862
41057
40801
290086
41217
39745
286758
41121
39329
288518
41729
37697
284485
41376
37569
287686
40193
37217
298502
39777
38177
299079
41569
40576
278342
41857
40449
286917
42176
40033
289734
41697
39969
295238
42273
38433
289126
41057
38977
292326
42049
38753
292198
42017
38433
295910
43169
40321
291622
41953
40321
229892
40672
40065
295142
41537
40320
293926
42432
40353
283526
41537
39712
285318
41825
38945
293062
39968
39969
292998
41473
39361
287110
41536
40225
284262
41633
40160
294470
41921
40257
297510
42785
38497
266566
42241
38112
292902
39585
37953
305895
40769
39233
302695
42401
39392
255941
42849
40225
290790
42433
40864
291942
41953
40481
283846
40417
38945
320038
42049
40225
293286
42816
39809
300358
40705
40768
288998
42145
40609
296742
40289
40641
294630
40705
39265
238564
42112
40065
295238
40384
39489
324550
40225
38848
312231
40577
39361
299622
41185
38497
304678
40193
38497
289414
39937
37568
292646
41921
39521
289798
42017
39105
295302
42561
39809
289958
41120
38817
299846
41537
40129
297158
40705
39809
297446
42849
40288
288934
40129
37376
302566
42017
40961
285894
41953
39968
289286
42401
38977
296486
41409
39553
298342
41505
37920
302598
40896
40577
293222
42177
39904
286630
41313
39393
297191
41728
39521
246885
41537
40672
297894
41728
40257
292294
40705
40001
295590
40961
40961
285862
41025
40064
283398
41473
40929
286917
41696
39489
294278
41281
40352
292774
41377
36929
306695
42273
40097
288134
39713
40833
307302
41888
40609
287334
39809
39296
297446
42592
39745
284294
41665
39809
292166
42401
39873
290278
42656
38433
286022
40353
38977
297574
40609
39937
290374
40800
38753
301382
41409
39649
291686
42560
40033
287238
41697
40480
291622
40545
38721
302279
41441
41953
193508
42337
38785
291270
40000
40641
278694
42049
38592
288870
40161
36929
297222
41793
38241
297030
41985
38337
290726
41440
39681
291622
42401
38528
279846
42593
39297
293446
42337
39329
317223
42465
39777
287686
41921
40865
297990
42497
37921
298214
42433
39073
288422
41344
37889
301094
41697
39872
292838
42049
38529
287846
41249
40129
280006
41281
40065
288326
41857
38561
284934
42433
40865
289574
41505
38497
295750
42465
39585
295238
40705
38720
313383
41793
40225
219461
42881
40545
285190
42304
40865
283238
42497
39041
297510
42529
39969
288165
42561
39873
289062
42273
38209
289126
41889
39713
302470
41569
38145
302854
39873
39873
296838
40480
39489
298598
41153
37664
298342
41920
40129
288102
41025
40065
297894
42049
40065
283942
41697
40545
304998
42336
39521
262757
41984
38721
291622
40033
39328
283814
42657
38657
292742
41472
40033
290502
39937
37025
304550
40833
37057
296678
40833
40001
290374
42305
42977
227620
41665
40289
287430
42017
38273
303110
42561
40033
295270
42177
39104
286822
41889
39745
292870
41537
41249
287398
42689
39841
284518
42337
40001
294630
41249
38145
303590
41505
40352
300454
41088
38209
296870
42433
39361
283238
41953
39489
283782
42081
39105
294214
41761
40161
290374
42048
41153
292006
41249
40352
295942
41633
40705
292678
42049
40641
295750
42753
39361
282149
41025
38528
323751
39457
37729
306822
38977
36865
303495
41729
38849
294886
42113
42401
218724
41601
38561
291366
39841
40033
308391
42369
40481
256838
41889
40065
287494
41473
40289
286277
41185
41121
292326
42209
40000
288422
41569
37313
299783
40896
38113
299974
39969
38305
304486
42176
39361
281702
41825
38528
285702
41601
40833
290278
41185
39905
294310
41441
40705
282085
42273
39585
283974
42657
41056
289894
41345
40257
304646
42177
38625
266950
41409
39456
295430
41600
40801
290982
41889
40512
289158
42625
41185
276070
41569
39425
291302
42273
39201
229508
41216
38817
289574
42241
39488
289254
42465
37953
295750
41537
40513
285734
41153
37632
296102
40769
40257
300518
41153
37793
296870
40833
38240
304455
40608
39937
296774
42113
38432
299238
42657
39809
286438
42369
39968
294150
41505
39969
294854
42401
39457
281798
42337
40416
294758
41728
40929
289894
41921
40576
288806
41953
39905
290341
39744
38913
302438
41409
37568
298342
40193
38465
305703
42817
40480
282342
42081
40385
293990
41121
42785
235749
41921
38145
327910
39968
39809
297030
41057
41056
290694
41985
40417
290694
41952
40673
289286
42337
39969
282981
41953
40449
282630
41888
39041
299430
38689
40705
292614
40737
37760
322727
40641
40672
288166
40673
39521
295046
41473
38913
289382
42305
39777
282949
41441
40865
287270
41921
38880
291846
41537
39905
290438
42337
39648
284742
41729
37281
296902
40512
39777
294918
42049
40961
288774
41601
39649
290470
42017
40640
289990
41473
37537
299366
40993
42017
209924
40993
40288
295398
40897
40385
290278
40961
38529
300614
42049
38945
292230
41888
39233
295046
40257
39841
300838
40833
39585
291110
40353
39873
298726
41953
40417
295783
41472
39457
294054
41921
40641
288422
42368
38753
295174
41985
39105
270565
40801
39137
293766
42817
40193
284838
42401
39457
297958
42465
39872
259430
39905
40993
289958
39713
38208
301126
39808
40193
291270
41601
39233
286694
41217
40513
289798
41505
39489
292102
41345
39777
296806
41569
38753
215333
42273
39904
290886
41601
40097
290438
41409
40449
293286
41185
38913
294182
41088
40481
290054
41057
39457
296838
41889
38689
292166
42081
39936
277222
42081
38912
295718
41633
37345
300998
40641
40289
296070
41505
37857
297126
41473
38753
303078
41601
38561
314054
41280
39585
294054
41665
40001
293318
41921
37409
301031
40512
38113
305382
41057
37345
310406
41728
39873
298822
41537
38433
300134
41665
39553
291910
42241
38913
293766
40897
40545
238788
40800
40481
289286
42625
38400
285638
42049
39649
303334
42241
39584
271878
41857
40896
292102
41121
39969
289574
41601
40289
298854
42369
40481
285958
41889
39617
289862
42145
40097
291686
42497
39233
295302
41985
40481
294438
42689
39489
297479
41793
39809
286534
41953
40129
308486
42657
40128
270118
40897
40353
300198
41537
40417
293318
42753
40961
312326
41345
38049
293190
41569
40385
285574
41697
40608
290054
40225
39425
294502
42272
40577
285798
41409
43105
231908
41056
40513
289510
41953
40353
290406
41537
40545
291909
42560
40705
294150
42305
40257
283493
39265
37121
305703
41985
38753
295622
41857
40801
291110
41856
39873
300070
41473
40480
290310
42945
39553
294502
41505
38689
299270
41601
40001
288709
41504
39489
293894
43009
40256
293798
39073
39361
302215
41121
38561
302086
41121
40161
313606
42305
39649
263365
42017
38785
290150
42241
40481
290310
41377
40225
294374
41313
39041
285190
41153
40225
291622
41889
38145
226340
41600
39553
302854
41377
40225
269029
41921
40449
289157
40192
39585
294438
40097
39649
298086
42241
39393
292102
41537
39712
287078
41857
39009
286853
41184
39393
299014
41857
40897
281734
41729
40673
285958
41953
40545
292294
42081
39937
285317
41729
38593
299686
42049
40384
293798
40865
39265
293446
41057
39297
292134
42369
40321
314854
41280
38529
299302
40833
39264
294310
42145
40321
302790
41665
39553
264389
41633
40193
295398
41376
43617
233477
41345
39392
291750
42049
39937
293574
41505
39873
286918
41601
38400
294918
40320
40225
292742
41376
38753
323078
42017
40097
289766
42145
40769
290918
43233
40673
308807
42017
39584
270118
41601
40032
288358
41505
39297
294310
41761
39937
288326
42049
39296
296902
42369
40897
296038
39649
40705
302630
41505
40897
296294
43361
39393
286086
42689
39809
290086
42049
40065
291750
41665
40416
291078
41697
38177
296806
41057
40385
293094
42113
40032
295046
41985
41409
210405
40513
38657
303718
40289
38048
307911
41216
40673
294534
40609
38016
299782
41760
38593
297254
41473
40288
292646
41857
39713
293862
41217
38433
299366
42785
41121
293030
41825
39457
292070
41153
40448
290214
41921
40129
308614
42753
40481
260517
42081
40513
285478
42081
38785
288838
41601
40161
296966
41825
39713
290278
41409
38881
283270
42049
39969
294310
41824
38305
310470
39969
37441
314246
40993
38881
303399
41857
40097
290790
41121
40320
293222
41920
40257
233061
41121
40193
317542
42945
40289
291845
40736
40929
316134
40321
38304
300966
40001
39553
274150
41953
40576
288902
40609
39937
308422
41825
40353
258629
41249
40225
283718
41217
39937
292454
41089
38177
303494
39457
38273
329766
40320
37761
307366
40449
38497
307846
40481
40289
304999
39713
39360
335751
41249
39073
292294
41312
39553
290214
41761
39424
289798
41665
39809
296806
42081
39873
291334
42081
39937
271493
40577
38177
293702
42305
40833
278597
42048
40481
225733
39969
38049
292230
40001
37856
305382
41441
40129
283142
42465
40705
280837
41761
39905
286790
41569
39904
301702
41729
39904
267590
43073
40289
233573
40545
40736
289542
40417
40225
309894
40545
39777
242789
40257
40641
280517
40961
38945
292422
41505
40416
318855
39873
37985
250758
40673
39008
285638
40961
37344
301446
40224
36897
297990
42209
38177
287846
39329
39329
289318
40577
40129
290758
39169
39137
300071
41249
39809
298118
40992
40353
206468
40481
39297
292742
39553
37857
306246
41217
38465
289029
39649
38113
306726
40545
38336
297414
40481
38081
292230
40097
37889
303142
40257
38976
298790
40417
37089
302470
40833
38689
293094
40865
39041
295334
39584
38561
305222
39905
40225
293606
40705
39393
298694
41057
37184
291398
41025
38337
293926
40737
37793
296902
39553
37792
293990
41920
39873
286438
39873
41088
287430
39969
39265
295526
40160
38529
296326
41440
40545
262885
39585
39777
291430
40545
39649
225925
41761
40257
294502
40833
40545
288774
39937
40320
295270
40257
40065
292486
38977
39264
314695
39809
40321
276262
40609
38017
273382
40385
38433
309830
39841
40353
299974
41889
38752
294726
38817
40001
291589
41248
39073
300678
41505
40065
251333
40416
39809
280518
40993
40289
266629
39968
37345
293478
41025
38241
301606
41793
37889
312454
41632
40801
284934
41249
40993
292102
41280
39553
246406
40384
38049
313734
41633
40000
249701
40929
39777
294566
40705
37825
209092
40513
40001
269414
41313
39361
291750
42081
39457
287750
40768
40897
308582
40449
39649
289894
41376
40801
272645
41121
40256
272806
40705
40641
234213
41185
40129
282694
40417
40192
285798
39425
39137
294726
40704
40449
318054
40800
40129
263813
40481
39776
261830
41345
40512
285062
40065
40961
322087
41121
40065
266469
40097
40225
290534
40065
39201
294790
40545
40544
300326
41760
40865
268165
41792
40481
282502
40065
40480
291110
39681
40289
211173
41185
39840
284198
39937
39809
294086
40480
40449
285350
40449
40673
251525
42432
39617
273574
40129
40417
283654
39713
41089
290502
40384
39969
311110
41057
38049
273317
42465
40353
255814
41345
40705
287014
40865
37856
309095
42273
40801
265221
41601
39137
264357
40385
38177
280102
41473
39041
237349
42177
40577
270085
40128
39073
295046
39617
40897
272165
39489
37601
304871
41953
37985
268261
39744
38465
272773
39713
38752
267622
41217
39073
302886
40993
39105
257798
41249
40321
292390
42433
40545
291301
42080
41025
306438
40609
39265
275525
41825
40417
292646
42113
41153
296838
41409
38657
309863
41793
38880
274854
41857
39457
294790
40001
40577
297447
42336
40449
328135
42113
40000
249733
41025
38048
274694
42081
38720
288774
42624
39809
306054
40833
38145
239429
42209
37601
294118
40833
38049
269062
39681
37952
308935
42209
39265
267974
39617
38720
284038
39905
38913
283877
40480
38529
303334
41569
39488
292806
40513
38049
237669
39585
38433
295494
40032
39521
242821
41024
38401
286566
40705
40289
295878
39713
40609
297799
41921
40128
250469
39777
38080
302726
40448
38849
296838
41505
38208
287302
41377
40065
298887
41601
38881
286310
42465
38753
274917
39777
38049
288038
42561
38561
305671
40417
38176
264262
40480
38977
300966
40289
38400
297158
40385
38368
244357
41729
39232
288646
38657
39841
278053
40865
38656
271942
40769
38881
303046
41953
39233
291910
40545
39585
252645
40833
38049
296903
39841
37920
253765
41473
39744
299622
42241
38785
273990
40257
38720
284678
42433
39041
251430
40928
38529
299622
40801
37153
271461
41441
37664
264198
39361
37793
295910
41217
40417
279141
40320
38305
294150
41281
39328
294758
39937
40769
295942
42081
39233
297510
40769
39297
294630
40321
39392
276038
40417
38624
304774
41408
38241
292614
40225
40257
296262
40832
38305
286278
39617
38369
254949
41472
37025
283654
40833
38177
268358
41152
37345
229541
41889
41121
212260
40929
38465
278373
39425
39457
301703
42241
39809
270533
41440
40065
249573
39873
40064
318599
40961
40288
296998
41024
40129
286086
40545
39360
313543
42977
39329
217061
41153
38241
265765
41281
39713
271045
42305
38753
206372
41089
37633
269925
40705
40161
245253
41537
38465
269125
41537
40481
311878
40545
39489
256485
40769
40769
285061
39745
40897
302566
42465
40288
319687
41665
39361
280166
41345
40256
287846
42433
37793
273990
40513
38977
199108
41377
40417
276357
41121
40801
296422
40449
40801
298630
40033
39745
294982
39873
38593
304230
40129
38625
289126
40608
37825
303462
39360
40545
247526
40673
38241
289606
41025
38273
278437
41953
38657
278630
41281
39969
243365
41889
40001
288614
40960
38401
299494
41857
38273
276677
41568
37985
317926
42497
40161
246277
41441
41249
287014
40769
40993
260837
41217
39393
311302
42465
40321
255653
41057
39905
273221
41697
38240
275110
39328
42529
230981
41985
40705
289766
40161
40257
281862
42177
40545
287077
42273
41536
260101
42305
38945
286886
40737
38400
263974
39489
37665
302598
40065
38209
309383
42240
38913
246437
40160
37921
278629
40225
37825
307782
39777
38017
307526
42049
38433
254822
41889
38017
273861
41249
37857
296998
40385
39041
242341
41761
38080
297510
38753
37953
318023
39265
39552
288454
39872
39873
315622
42080
38561
263557
39873
40417
273446
41601
38720
280518
41281
40417
227972
41569
37249
259621
41632
38177
271589
41761
37408
258566
40193
38689
301542
40001
37248
306406
39424
39393
299654
39329
37793
305670
39809
38336
258085
41633
37793
287398
42017
38432
271334
41217
38529
297350
39937
37760
305383
40417
39585
313671
42337
38753
282597
40288
39201
297126
39873
37441
240293
39873
38432
313511
41345
38912
285254
40320
39009
273413
40993
38145
312294
41601
38817
234596
40065
39297
280262
40161
38913
275557
40513
38689
233477
40993
39809
318503
42081
39201
215140
41505
38465
266054
41633
38721
265733
42240
40257
279814
39521
38144
291398
39873
39105
306503
40961
37985
312038
41537
39777
248613
40673
39201
269478
41185
38272
291942
40609
39585
238885
42817
39040
290150
41217
38849
294694
41825
40769
285606
40801
40320
296326
42817
39872
270278
40929
38817
284774
40193
39329
297062
41441
40672
310439
41697
40000
257286
41697
39553
276294
41888
40001
274149
41953
40897
306118
42273
39681
257893
42753
40513
231397
40705
39105
296230
40385
40193
238404
41824
40225
290438
41217
39585
285606
40033
38753
299910
40609
38081
322407
42337
39585
240293
40801
39969
275334
41376
41569
272005
41505
39872
255877
41121
38209
309542
40736
39105
290822
42849
40993
278469
39969
40129
248806
40096
37857
305254
40416
39233
279205
40000
38881
291526
40705
40800
333351
42305
40865
197764
41121
40545
277093
40544
40481
283910
41473
40417
310662
42304
39937
265445
40577
39713
307270
39297
38016
247781
39873
40928
239205
40769
40001
261093
40576
40033
277798
41761
40865
269029
41184
39969
229796
40481
38817
285670
40033
40065
270661
40033
39905
281830
40545
39744
308583
41953
40513
242821
41377
38401
269958
41377
39425
260485
40705
40416
250949
39969
38753
310534
40129
38304
263174
41761
37569
296006
40161
38209
329095
42721
40641
233125
41377
40929
289030
40737
38593
273638
39905
40001
233605
42080
40481
271174
42049
39393
267941
42176
40865
270886
42049
38561
198980
40577
41409
255237
41601
40577
274566
41793
40865
272325
41057
40257
304231
41857
39937
276070
40737
39617
295110
40897
39168
276678
42049
41089
247333
39745
40065
293670
41825
40224
284230
42209
39745
293286
41473
40833
314662
41537
40000
253413
38913
40576
323911
40321
38656
301350
41089
40481
255557
40993
41377
272197
40641
40065
286598
40737
39681
294918
40993
39425
310727
41409
38081
290438
41121
40768
292806
41281
38081
281446
40833
40384
202660
41825
38241
295590
40064
38081
303974
40865
39904
299814
41952
40385
313638
41153
37792
244229
41761
38145
299782
41985
38945
274373
42625
39073
242180
40929
37697
315782
39905
38880
298054
42241
38240
279078
42017
39617
249285
40161
37921
300743
39649
40544
281638
41729
39041
292454
40864
38401
302918
42048
38177
267205
40193
39745
274342
40993
40577
276453
40993
38465
252390
40224
38657
312230
41056
40097
274085
42017
37600
283494
41697
38369
246341
40449
40385
230181
42081
40929
285318
41793
38145
295238
40353
37697
240677
41953
39137
290981
41601
38624
273350
42081
40640
293286
41760
40897
308582
40257
37856
242629
42913
38401
271334
42721
40321
269734
42817
38721
252133
41601
37601
313287
40257
37889
301670
42049
38497
290470
39969
39745
326151
42337
40417
284646
42497
40577
273446
41345
38144
309511
41569
37377
231877
40577
37312
299750
39425
38049
316199
40896
39073
254533
41985
38817
246245
40193
38465
293510
41345
37089
236549
40481
37920
269350
41409
37793
323335
41984
38529
284070
41825
39424
286470
41473
39745
297127
41057
38848
253765
41537
38785
288038
41185
39457
295558
41985
39873
276581
41217
40705
249573
41377
38273
292870
40353
38144
302534
41568
39137
305222
41537
38496
324519
41505
40769
261286
41665
40705
274565
40289
38529
294182
38945
38369
369415
39297
37825
231908
38081
35456
327303
40449
38369
284293
40673
39073
265669
40833
38945
277990
41537
40321
227428
40225
38177
301094
40545
39553
311494
39585
39904
275942
40289
39521
301766
41984
38785
293190
41729
40800
310663
40641
40289
272774
40161
40129
292454
40833
40193
291974
41216
40641
309830
40993
39969
263813
41313
40417
294342
40801
40385
297350
41089
40193
320391
39905
38688
284550
40737
40705
257445
40672
39585
295110
41441
40128
315271
40480
39873
282598
41601
39648
287686
41121
39521
292902
41825
39777
308358
40097
40257
273445
39937
41057
295302
41761
39264
241029
40993
40353
318694
40896
37057
267333
41185
39681
296934
40033
39969
285606
41601
40289
308487
42145
40096
264902
42241
40289
293030
41953
40481
293350
40801
39201
316998
39584
37921
277381
39904
40289
296806
39457
40256
300518
40193
41057
316006
40673
38464
292454
39969
40417
294406
38977
37920
261381
39745
40641
309351
41889
40737
251461
39233
39456
292678
41537
40225
294982
42913
40161
310022
41057
40257
268357
40897
40577
287462
41793
38336
311815
42401
40481
215556
40641
38369
289797
42145
38561
291846
39809
37472
299942
40929
38977
252901
41345
40385
273222
40705
40129
294758
41024
40705
296710
41409
39680
309479
39905
40160
270534
38881
39777
290534
41473
40641
293190
39872
40929
322054
40353
37344
301158
42113
39008
276038
39777
37728
295814
41280
39169
309766
42753
40641
246789
40993
40737
287173
40768
40801
297926
41217
39425
231364
41665
39297
303654
41377
40833
281350
42113
37889
302022
41697
41281
174980
40225
38881
292902
41569
38337
266757
41345
37569
267589
41153
38016
241573
42593
37921
311910
41952
37985
290022
40801
39968
289126
40768
37601
250085
40384
37697
297862
41409
37793
273221
40033
37504
267302
40577
39168
317223
42625
40833
252677
40865
39681
298342
40289
40000
300998
40416
40353
316486
40737
38113
263973
39745
38752
281606
40576
37633
263525
40224
37441
265542
40289
38145
298438
40193
38561
292102
41440
37953
302854
40417
39328
322375
41408
43649
174052
40161
40481
289510
41761
39329
296487
40385
37440
257285
41185
39936
302950
40416
40001
288422
40865
38081
300038
39873
40801
318215
40609
38689
262213
41409
40737
269286
40705
40353
292358
42657
40801
320039
41025
41089
229285
40865
40641
280037
39809
38048
308775
40097
38273
304454
39745
39777
270853
40033
38017
305222
41473
37568
301446
42081
40865
306758
43105
40353
262373
41185
39744
303975
41280
38081
298118
41665
39745
234820
40800
37441
309542
42337
38593
220837
41313
38144
279462
41537
39296
270277
41312
38753
285702
40257
38017
278022
40641
38113
276006
41601
37409
292678
40609
38528
291366
40481
41153
296902
41313
38497
294758
40609
38593
333031
40737
37985
236581
40288
37441
275141
40353
38432
272454
41057
38113
248517
41441
40513
292358
40705
39329
295750
40481
40897
287174
39840
37633
320742
40161
37921
263301
39329
38880
273670
39169
37601
284134
39136
39457
268134
41697
39264
281830
41952
40385
198148
42017
40577
291878
42721
39969
260069
42048
40257
288038
41345
38241
276261
39553
39873
304295
40801
40737
314566
40993
39361
262437
41569
37697
282758
40577
40480
295206
41344
39265
314950
41409
40289
296454
41409
40865
273190
41889
40673
294278
42049
40897
253317
40352
40577
293638
41825
40577
291430
42049
40129
275974
40353
39265
321255
40033
38432
257350
41729
39457
269254
41441
38145
292998
40705
38241
318790
41217
37408
243717
42337
38209
285158
41441
41377
205092
41793
39681
312102
40769
38145
270725
41440
39073
276165
40289
37344
273222
39488
37985
238885
41825
38177
301574
40481
40577
279974
40544
38593
280070
39297
40929
268261
40385
37953
279941
40000
38241
290982
39841
39008
295206
40417
38721
316614
41185
38560
239461
40545
37793
300231
39713
37696
276422
40993
37760
318535
41889
38817
256038
40769
38433
301190
42081
37921
290822
42401
38305
324519
42081
40065
249830
43681
41057
265285
42817
38753
294310
42529
37824
196644
40417
41632
291238
41729
38753
269574
41281
38273
272966
42049
38017
313190
42113
37729
251429
41825
38496
292102
39841
38433
291622
40577
39393
246693
40064
39041
286182
39937
39072
287302
40128
38497
284485
39329
38112
249125
40801
38529
310438
41409
39040
269894
40673
38433
270949
41569
40225
232388
39520
38913
294726
41953
40961
284485
41345
40704
271782
40001
40416
316647
39200
40993
288166
42625
40096
285542
42049
41057
288070
42945
41793
203108
42721
40897
301382
42272
40513
292198
40961
40384
290950
41889
40609
314726
40609
41121
272741
42017
38209
296838
40097
37952
278854
40513
40161
315879
41473
39009
252549
42113
40449
275653
42497
39265
280806
40897
40257
312198
42272
39873
273989
42528
38913
293350
42273
38401
280229
42849
38721
246085
40577
38113
294854
41441
38273
291686
41281
39713
293574
41857
40033
256453
39968
38753
301958
40097
38304
299782
40737
38497
304454
41313
39841
258053
40257
44129
232549
40289
37473
302502
41345
40833
266533
40992
40065
312486
41601
39169
278149
40481
41249
291878
39457
40865
295494
39585
40896
332711
40033
38369
268069
42177
40289
287173
41952
39521
290470
42081
39840
319911
42337
40545
258150
41409
40673
271909
41505
39969
294534
41025
40609
269669
40449
40353
309862
41152
39777
296806
40961
40320
291846
41665
40001
297030
40673
38689
304678
42753
40257
288902
41313
40353
290150
42081
40512
315559
41665
39584
276870
43073
38241
229828
40128
39713
281894
40929
40288
260837
39777
39361
291910
42144
40705
295110
41985
40704
294342
40193
39617
319718
40897
40641
268453
40833
39969
270374
42113
41057
298982
42049
39137
316903
39969
40448
276198
41825
40608
291974
39936
40225
287718
41633
40832
258149
41248
39105
285286
41120
38753
295686
42049
40321
289670
41984
40065
319366
42688
39425
268773
40801
40576
269478
42049
39329
297798
42017
39233
318694
43361
40513
265253
41665
39233
232132
42785
39361
282950
41249
38912
314727
41985
40032
267846
39617
40384
287270
41633
39937
295558
40193
40225
321351
40928
40737
276165
42016
40385
288550
41569
38784
298278
41761
38849
317606
39937
40257
265637
40929
40225
293222
41473
39521
291974
41121
39713
314759
40929
39457
259142
41825
40065
299526
40513
39809
296070
42497
40641
324071
40801
40928
268774
40737
40224
279750
42497
41825
291430
40705
39904
241669
40577
40385
287430
41217
40129
291750
40993
40833
227013
40161
37024
329383
41248
39841
245829
41025
40353
287590
40321
39905
296166
40513
40257
323463
40225
38977
273286
41121
40481
290214
40737
40961
287653
41057
39713
268901
40321
39777
284389
39936
40673
298342
40577
39008
300486
40832
40161
260614
40769
39617
291334
40801
40609
287909
40672
40385
302470
40097
40576
329415
40865
39169
229669
41377
40801
288582
40321
39969
299367
41889
40448
254917
42177
38080
302374
40929
39968
273638
41217
40961
276869
41633
38720
180260
41185
38817
278022
41440
40225
279974
39808
40225
300134
39809
39872
326791
39873
39680
275110
40161
40672
301670
40545
40833
296486
41025
39969
258661
42465
40225
300487
40033
38401
293734
39713
39681
292102
42017
40513
262373
41441
37825
313990
39680
39713
281670
40769
40257
296454
40673
38176
327687
39777
40769
261317
39617
40513
293830
39584
41697
289158
39649
40385
268517
40801
40993
298630
40609
40416
286310
40641
40065
282534
40609
43424
202052
40833
41185
288038
39777
40065
291590
40609
40033
298854
39617
40929
327622
40897
37505
241733
39392
37633
278213
40065
40193
303430
40129
38688
317511
41473
39009
251205
40993
38657
308646
40768
37345
284582
40928
40769
316774
43041
38209
239525
41377
39616
275782
40001
39137
282853
39905
39137
252645
41409
40897
282470
41281
39969
289510
42241
39872
280998
40801
40064
316071
40161
40161
262790
40577
39233
277061
38689
40257
293862
39585
38368
255717
40577
39137
228932
40097
41025
284678
40705
39680
300806
40961
40257
321894
40193
40545
260101
40769
38113
295366
40321
40192
293190
40993
38625
269254
40577
38049
288518
41249
36193
288549
39777
37472
278950
41665
40129
258789
40417
38145
299910
41121
41441
292070
40705
40321
294886
40960
40961
318118
41153
38497
271781
41057
40577
281286
40833
40448
298950
41024
40929
263974
41761
38016
286214
41313
39681
278821
41313
37601
285254
41857
39969
261477
40608
37889
289606
41441
37473
219172
41505
40481
294278
40769
38433
274757
40737
38049
286789
40865
38817
286694
42273
39361
282565
40512
39681
262342
41537
41024
287782
40609
38945
291078
41057
39904
276518
41441
40641
317607
40833
38753
247237
39969
38529
309542
41121
40897
300006
40961
41569
276581
40641
38561
277190
40448
40417
305830
40929
40353
289541
40545
40289
261381
41217
39937
285157
40000
40097
288966
40225
40033
297062
40096
40833
252037
40353
40448
279142
41569
41345
225572
42305
40705
291270
40897
40769
266405
41312
38817
282214
40705
37921
293062
39553
39905
293062
41409
40321
267365
41473
38624
300935
40065
39968
275334
40833
39873
286406
40225
40033
269190
41153
40065
294662
41153
40161
277445
39777
39745
280198
39745
40641
323751
41441
38273
264486
40769
40193
267781
42689
40481
273126
40352
40641
326758
39873
40193
265349
39745
39648
277414
40641
41121
283238
40992
40001
270342
41153
39873
294470
41473
39489
292774
40993
40288
229573
41313
39585
277414
39393
38945
285350
40833
39841
292134
40576
40289
282438
40865
40768
260421
42497
40545
292550
40577
40385
290566
40673
39297
284773
40609
40705
243237
40993
40609
294566
39392
41057
276614
40929
41057
289350
40097
40609
269798
40577
40544
275686
39713
40577
284677
40064
40545
290854
39681
39744
320903
39841
39905
251493
41217
40545
276998
40225
39873
273798
41409
38752
264549
40705
40289
276165
41313
40193
281606
40129
40737
298278
40513
38753
215685
41345
40929
272582
39553
39713
289061
40480
37697
294342
41921
41184
327847
40769
38241
251365
41153
38400
286406
40929
40673
298022
40161
40321
264837
40225
40385
288933
40129
40576
275270
39841
40577
279109
41185
39713
261797
40513
38240
289254
40865
38049
296070
40577
40288
279526
41601
40225
256357
41345
39425
300806
40289
39744
301222
40705
38817
296710
40993
41025
298022
41120
38561
278886
41857
40352
279014
41025
39873
293286
40928
40225
198052
42049
40128
286342
41121
39873
278438
41281
40929
300166
41089
38657
263462
41953
40961
272134
41537
40033
296614
40640
40609
294086
40801
40064
274917
41313
40129
300646
39489
39969
297542
40097
39201
296390
39328
40449
330918
41985
40161
285126
41313
40257
295078
40417
39072
295494
42177
40481
241573
40609
39521
297734
40865
39585
284133
40352
40001
296230
39713
40257
320711
42305
40673
278246
40385
39777
299910
41185
39169
296070
40641
40544
261797
41057
40641
231492
41665
38688
278758
41857
39617
276453
40608
40641
271910
40513
39808
290726
39489
37121
303942
40737
38401
289510
40545
39777
265093
42656
39745
291334
40737
40128
290246
39840
39233
259558
40097
39585
325255
42017
40097
239717
41345
39616
277638
39873
39680
299046
40961
40289
270726
40513
37985
289190
41441
39425
291334
42177
39841
282022
40161
39233
269574
40705
38113
287910
40513
37889
287654
39937
39937
302566
41761
39489
260997
40129
38209
272870
42048
37505
201956
40929
38049
290661
41632
40513
277702
40129
37665
275429
40993
39169
291878
40737
37441
303526
39521
38593
271942
41185
41313
291526
41824
40321
274693
40673
40065
280230
40353
40096
301894
40865
38976
276678
39841
38529
268389
40737
38785
269734
40321
39040
261861
42177
39104
303014
40865
38145
266566
39905
38112
294022
40257
38561
269926
41025
39489
303270
39969
39969
298535
40160
38177
309158
41985
40577
268838
41793
40129
271814
41377
39073
281989
39552
37889
240997
40513
39873
238309
40833
39489
295238
39969
40481
295686
40865
39905
286053
40480
40897
278694
40033
38465
299750
41217
40097
295238
40705
38817
281542
39777
39553
325575
39425
40897
275974
41889
40545
278533
41441
39969
297446
41281
40064
273669
40385
40577
296454
41153
39777
274789
41824
39617
279654
40609
41057
239365
41185
40769
291238
41152
39585
292134
41313
39200
294214
39873
39809
268422
42529
39873
308166
41121
38177
287398
39616
44577
235589
40833
40353
253061
41825
40097
294566
40673
39905
296742
42465
39585
273350
40961
40225
293638
40097
38784
299686
39937
39872
275238
41345
39457
280357
41889
39777
258501
40897
40417
264133
41504
39297
279718
42177
40289
276518
42688
39553
249765
41505
39521
291174
42465
40129
280389
42369
40353
289894
41441
40481
296678
40161
40513
271206
41377
39809
292902
41921
40672
297190
41953
39905
322694
41825
41761
268005
40769
40417
302694
41121
40768
289350
40193
38721
216357
42433
40320
277830
42017
40545
296166
41440
37985
287302
41505
40001
237253
40833
40641
300326
40577
39617
301574
41569
40769
290758
40512
40417
277990
40865
37409
291526
40705
38753
283462
39777
40032
290918
40545
40097
324390
41729
39937
253221
39745
38881
291494
40993
38464
285062
40289
38465
272901
41281
38017
303750
40577
37377
314566
41761
38049
290822
39617
37921
286502
41121
40033
299495
41121
41280
274662
42433
40641
275941
41921
40481
258405
40641
38593
226020
39617
37696
266822
41121
38369
272230
40033
37952
321863
40993
37921
250085
40641
41440
292102
40225
38977
299686
41601
39265
325255
42209
39393
248453
40801
40001
295814
42112
38561
279621
41120
40033
275270
42145
38465
287494
42625
38625
295782
40513
39713
293670
42240
39937
274022
40577
39360
284742
39841
38337
294215
39360
40385
288582
39137
39809
262949
39105
38049
302022
40289
40096
286086
40289
39809
299175
40352
39905
326118
42496
49089
204836
41856
38817
291942
40577
40097
284742
40577
37121
281926
41153
37601
293350
39809
40385
295686
40129
39680
279334
40417
40193
265862
40801
37505
264998
41217
39937
307558
40257
39617
305287
41377
39776
264613
40609
40608
253733
40321
40000
279846
41889
40736
293510
41920
40129
263270
40449
39264
288838
41280
38369
281958
40961
40545
291430
40193
38401
258086
40193
40481
279590
40033
40128
299782
41729
40064
267782
41889
39841
254245
41057
40161
289894
40417
39488
232805
41601
40897
264485
40417
39553
269414
40161
38145
291846
40705
40545
276678
40129
38656
293894
41185
40353
274598
39905
37312
295718
41152
38721
250726
40257
39169
288806
41088
40609
249382
41505
38657
291206
40641
38017
268870
40961
38529
292582
41569
40385
229668
41697
38304
271654
40993
38081
293222
40897
38465
282374
41153
38848
259845
40449
40288
263558
40897
39328
284166
40865
40353
287910
41249
40545
263749
40961
40225
290630
41153
40449
278374
41153
38049
234020
41120
38049
269094
40193
40065
248101
41857
38945
278598
40289
38689
290758
39617
39297
262022
42049
40449
269573
41057
40289
277925
42497
38144
283110
42017
39425
256325
41280
40289
288582
41153
40288
291110
40417
39457
298438
41409
40097
243493
40897
39873
293702
43009
40321
270694
40993
39393
294566
40129
38625
243493
40257
40513
262821
41761
40832
276166
40385
40641
279429
41281
40513
256357
40897
38753
267045
39872
39680
266534
40001
40609
228004
40097
40096
207141
40705
40545
252421
41408
39617
266597
39905
40032
276230
39713
40257
230052
41153
39936
273478
40129
37920
291686
40192
39745
281606
39457
39008
271429
40321
38145
298278
41089
37920
289574
40737
40513
295878
39424
38689
272901
39969
38529
287429
39520
40225
292006
40865
40449
275685
39520
40577
260965
41025
39265
282437
40352
39681
289606
41569
38081
278117
42273
39329
242885
40065
39520
290438
41281
39745
291302
40961
40001
296006
41377
38625
202373
40385
38497
286118
39809
40096
299270
39936
40385
289958
40129
40321
305478
41313
40608
268678
41025
37600
290854
39521
39777
296038
40449
39137
282214
40833
39041
294438
40225
38112
285446
40449
40385
295111
39968
39361
272998
40705
38017
284326
41345
38849
278886
41025
40129
282790
42049
39937
258533
40928
38689
254693
41121
37665
299270
40449
40769
270917
40897
38209
281254
40801
37953
262629
40385
40225
292486
40128
39649
296294
41057
40448
265445
40449
37857
259589
41441
39681
284710
42273
40161
274278
41697
39809
246629
40545
37953
289766
40481
39872
286694
39841
40641
295783
40801
38401
260901
40577
40737
286277
40032
38625
292806
42241
38529
251621
40897
40545
275974
39489
37664
300454
40897
40129
290662
40769
40673
289958
40129
39265
276806
42753
40449
270566
40609
39809
301030
41345
38689
294022
40737
40801
264998
41441
38048
280486
39553
37728
293158
39137
38593
277542
38753
39457
270277
40993
40609
243173
40257
40609
276486
39681
36993
290117
39233
38849
259237
39969
38177
294470
40064
38049
299206
40161
40129
287878
39169
39681
328998
42657
38945
254725
40769
37665
299750
41569
39041
271013
40353
37025
302375
41697
38944
279110
39489
38656
306119
39488
40705
299110
41601
40001
232389
40385
40705
263205
41249
38529
285957
40096
37537
291238
42529
38721
234405
39969
38337
298054
41665
38145
267877
41408
39265
276454
39616
38113
271685
42049
39745
286501
41793
38913
235621
41249
40513
303494
41056
39969
272677
41057
38656
249605
39552
38497
295590
39969
38753
275749
40609
39137
245765
39840
40737
314950
41472
38753
275494
42561
39361
298342
41280
38305
252421
40961
37600
321767
40225
37857
285350
40161
38465
287654
39968
37633
340615
42337
39905
254149
41217
38113
296870
42241
38913
277222
40641
38432
254405
42529
40449
289477
40928
39585
298310
42432
39873
270149
41025
39968
244357
39873
40257
304518
39905
38081
283398
40385
38145
231461
39265
36833
283014
41185
39457
303526
41888
39265
282886
41665
38849
277734
40928
41185
227428
41185
40800
275046
41761
39201
274405
40833
39520
278086
41953
41153
230308
40672
37569
287334
40097
38273
301446
41824
39745
282278
41249
40417
234148
40705
40385
252838
42209
39489
273574
41824
40289
270597
42945
39904
242181
41313
38017
280677
42369
40705
264774
42017
41185
273509
42593
40417
239397
40001
41217
278182
40865
40801
288998
40577
42401
230917
39617
37376
310503
41249
38305
262949
40449
38017
308230
41857
39841
266150
42369
39393
245701
41409
40224
277862
41153
40736
297446
40033
41409
298214
39745
39968
272549
40769
39393
290598
42113
40225
277830
42272
38465
279078
41569
38497
272069
41153
40288
251429
41344
37633
