117634
39105
35137
32256
30369
28545
27264
25889
25376
27521
26432
414569
27361
26816
551212
26912
25633
539756
28032
26049
525195
26881
26144
567852
25921
26721
561164
27265
26368
648366
26657
25825
468586
26816
25601
559564
26305
25441
562636
25568
25376
580204
26849
25856
561133
26848
25856
570572
26273
26049
579213
26657
25728
549740
26752
25792
561580
25921
25920
543275
26080
25793
555948
26945
25696
550411
28385
26848
530667
26720
26369
542924
27713
26752
449130
27393
26144
553388
27425
25889
560748
26688
25697
545196
26881
26400
540075
28544
27361
527660
28224
27360
507019
27617
27809
535052
28225
26400
504299
27616
27905
542860
28704
27201
534156
28001
27265
513451
27040
27457
541772
26945
27232
547980
29921
29409
485771
28577
28417
519819
28481
28768
519979
29025
29185
523083
29121
27264
470122
28640
29665
513195
29793
28928
524491
28800
29761
519724
29921
29825
518987
31105
30849
482283
30560
31808
486378
31809
31040
414729
30848
31776
485066
31393
30945
481802
31072
31649
477962
30497
31137
486026
31137
30465
488971
30689
31072
485258
30753
30913
497483
33345
32193
419209
33345
32736
464618
32513
30977
452425
30657
30465
489515
30272
30688
500362
32256
32769
438090
32865
31777
465002
33441
32800
466154
32577
32545
463658
34337
33089
442025
32705
32096
460490
32865
32993
457354
32449
33088
455402
32385
33217
462890
32769
32800
464650
32193
32929
469034
33153
31136
427849
35136
35840
354696
34177
34080
428457
34048
33953
425577
35201
34176
428617
33632
34657
432873
35201
34400
430569
35360
33825
434665
35713
34912
434313
34240
33569
436681
34752
33761
422026
35265
34785
432873
35265
34529
431370
34241
34017
431945
36513
34017
436682
34721
35201
435369
34784
35361
438314
35233
34432
434633
34944
33057
437225
35585
32417
433066
35105
34048
417449
37153
37217
355144
36481
36545
401000
36353
36128
397609
37025
36545
403112
37121
37473
394377
37313
35585
351047
38049
36737
257638
37505
36833
408969
36865
36737
391336
36961
35392
388905
36705
37057
396168
36128
37473
401385
36641
36513
396968
36384
36512
405001
36609
37025
402632
36801
36192
400009
36481
37057
404808
36385
37377
395048
36385
37217
375176
37057
36929
388136
37024
36960
392489
37057
36833
401192
36384
36512
399145
37633
37025
395272
39393
38464
351496
39488
39297
361800
39169
38624
359048
37729
34241
325319
38561
36449
355880
37889
37217
395113
39456
40545
345703
40705
38401
286534
40705
37664
318951
38177
38113
323527
39393
39425
357608
38721
36577
364616
38113
35841
392392
38305
36705
408489
39553
40321
339912
39777
38464
312615
40193
39329
350312
40704
39937
350087
40545
39841
359368
39809
38561
358631
38977
39969
357096
38753
39393
357287
40032
37089
320871
40161
39297
328616
39105
39776
359304
40161
39873
351976
39745
38273
303174
39425
39585
338856
40480
39713
349095
40129
38560
352584
41121
39457
350247
40001
40481
350408
38977
39681
299623
39233
39073
359944
40289
39457
353288
39905
40193
354407
39649
40609
322919
40385
38752
314471
39617
40545
349512
39744
39585
350439
39713
39456
350408
37761
39553
367592
39393
39841
357768
39809
39617
361608
40577
40833
347976
41217
40225
352167
40097
40576
360264
38977
38720
333576
39745
37729
325287
39233
39521
356040
39680
41025
354343
42209
39265
198180
40961
38817
339143
41441
39296
354152
40289
39969
355783
40673
39584
357512
40321
38561
356872
41409
39937
286694
39233
39809
358504
39745
36673
294278
40609
39361
334247
40033
36769
314982
39073
39585
353800
39424
37505
316998
40993
36832
310311
39744
40001
316710
40257
39808
370248
39297
39937
351816
39105
40993
356104
39649
39520
345160
39873
39777
363112
38785
38817
358632
40193
40193
314342
39361
39969
356264
39552
40961
360135
39745
38241
361608
38113
38945
363528
40353
39489
354120
39680
37377
264646
39841
38241
343591
40929
37088
335624
40513
38241
307046
40737
40385
285030
39457
39521
360327
39713
37345
290950
39361
38017
361095
39489
39745
361640
40736
39041
323911
42305
42241
289446
42273
42401
318311
39937
37601
327687
41537
39329
350760
40064
37889
361799
42305
38721
361192
39744
38977
311494
40513
37153
291782
43489
42177
293095
43712
42625
316903
39137
39521
329160
40289
39201
345671
39489
38753
321639
43649
42528
317511
43649
41793
319239
43329
37120
282790
39297
38977
356680
38688
39489
372616
42433
40833
298022
42369
43137
248070
44225
39713
195396
43489
43489
286214
42913
43745
308294
44833
43009
250470
42817
41633
295686
43776
42753
304807
42817
41793
316870
43553
41121
320167
43521
42561
307911
45313
41921
315687
43041
42241
313607
43585
41697
323303
43073
41121
313031
42401
41664
317607
42721
40673
277894
42977
43233
320935
42593
42241
311175
42497
41409
243782
42465
41665
300998
42657
42625
319911
42401
42208
311751
41473
42337
315367
42976
40225
282918
42401
41921
270534
44257
42369
179972
42977
41185
317479
41665
42721
318854
42881
40577
288166
43840
42785
286726
44001
46529
271174
42017
41601
325543
42913
42017
300998
44225
43457
265702
43457
41249
241413
42336
42625
304327
42753
42081
317734
44480
42273
255142
44577
41281
319174
43328
40544
298246
45665
40065
286439
45313
41025
281798
42849
41217
314407
42689
42977
264454
43809
39905
269542
43201
42721
295622
42913
42497
270086
42977
41505
238053
42753
43393
293574
43937
40993
282246
42785
39489
220165
42561
43105
304327
42337
42240
310951
41857
40321
274630
42593
42209
308678
43360
42465
304583
41633
41985
269765
42208
43169
319303
42145
41761
310182
42592
39745
298726
42305
42657
295431
42817
41985
276870
44417
42049
299431
43713
42625
314055
41953
42817
316487
42977
43520
312519
43361
41217
294823
41089
42497
308614
42369
42209
279878
42593
42720
272838
43713
42433
215173
41409
41857
311911
41441
42752
305670
43553
42881
265958
43361
42721
294342
43425
41409
247173
44097
42721
304582
43713
41985
311335
44257
41985
306758
44225
40448
290982
43457
43681
312103
43553
42369
282246
42401
42817
310311
42400
43009
319751
41953
41601
307207
41633
43649
317063
42241
43041
315495
42305
42112
317415
42561
41825
269702
43041
43297
265765
43361
42017
321095
41729
42689
308199
41473
43393
319719
43169
43425
244646
42529
42721
271206
40449
41921
320551
43009
40161
253605
42465
42625
300615
42849
41217
236837
41856
43041
305575
43041
40929
225668
43073
43329
287686
42753
42305
316870
41504
43137
326823
42753
41857
299527
41601
42529
308967
44705
41121
240806
42113
42625
305478
43137
40257
247237
42785
43329
289894
43233
41921
164484
42337
42593
303110
43873
40161
279110
43233
42849
291527
42977
41856
262054
42689
42113
261766
43073
41825
296838
44545
42305
262310
44545
41121
229925
42753
43169
270182
43521
44321
301862
42209
41857
316167
42945
40769
239429
41217
42241
304839
42561
40033
243430
42689
42113
245701
44352
39297
229797
42529
41921
295814
43041
41377
271430
42817
42208
280806
44225
40865
234149
41953
42593
289831
42913
43457
253317
43521
42753
269030
42689
41632
266150
42721
39649
285158
42177
43681
289382
42913
42721
305671
43105
43297
318374
41985
43169
310311
43201
43201
265606
42849
42784
263141
43169
40128
241669
41633
42433
307815
44577
40609
237445
43521
40161
262790
42049
42561
307654
42337
42113
259558
42497
41793
305222
43329
42497
177732
42337
42849
261126
43169
42176
255301
42145
43073
269798
43745
42913
235173
42913
41697
203621
43425
42593
261029
44513
40737
236389
43169
43617
284070
42689
43361
303943
42881
42017
311175
45089
41216
262405
44481
43041
288103
43681
39361
276134
42497
42945
299462
44129
39425
245702
43425
40609
286214
43617
42753
271206
42657
40801
293446
42880
40769
284678
41473
40513
290471
43393
42561
275366
43361
40193
236006
40865
41792
308743
44449
39617
239750
42721
41761
157379
42273
41889
295463
43265
39169
247365
43073
41793
267366
44097
43393
243173
43105
42017
242885
43745
42113
239110
44961
43073
251525
43361
42817
256454
43297
40609
272038
43425
39521
278054
43777
41121
287303
43873
43297
286310
41889
41473
252550
43233
43457
288390
44545
40417
233701
41697
43105
311270
42049
36513
284998
40481
37025
332199
42401
37953
325319
41793
36704
327816
40257
37985
336359
40737
39393
315687
40513
40417
299622
40129
38400
307623
40129
39296
233701
41921
37537
326151
45057
40577
298407
43361
41281
210788
40961
38081
282886
41120
38529
350791
39745
38113
347400
40161
39969
346983
40481
37537
344519
40225
38689
358248
40321
38369
355783
40833
37249
318279
41376
37537
281414
38689
38817
325959
40065
37505
336968
39648
39809
342119
41249
36417
351752
38977
39265
360647
39969
37088
348744
38912
39009
351623
40481
37601
294086
39073
38177
340167
42977
40928
259173
42593
40481
255846
38465
39233
328615
40193
38401
254790
39361
39201
355815
38881
36961
331047
41153
37920
328647
39233
38753
359272
40257
37921
321927
40512
37249
330311
40577
37633
331175
40129
37472
318151
40929
38881
341671
41217
37569
335559
40385
39137
353639
38689
37152
341416
42497
39969
293830
43041
43457
278214
39969
37921
317831
38657
37152
353864
40257
38465
337896
38592
36961
354920
39809
36673
366920
40257
39169
367816
44289
41665
225541
42657
42369
287878
41729
36801
339815
38657
39137
361831
41569
37953
228165
44993
39745
223173
41761
42273
314118
40705
37473
338344
38785
38049
347047
39329
39104
352936
39169
39233
258342
39425
40641
354599
42433
42881
309959
45825
40193
238181
39937
40193
330663
39937
39969
357319
39585
40192
354632
41921
37088
332392
39264
40576
313351
39393
39841
356904
44193
41057
270022
44225
42145
308711
40545
39713
343495
39777
39073
364968
41185
38561
343784
43041
40161
277062
42657
42945
305447
42017
36992
277222
39777
37665
343912
39329
40544
285415
43073
40353
297030
44289
40768
293447
42369
42785
315430
44609
39521
315559
42177
40449
308966
43073
41793
297062
42977
40801
309095
41889
41985
313895
44225
40257
310695
42241
41153
315271
42273
39681
320231
42400
40993
285798
43232
39841
312935
42145
40001
299719
42337
43745
304710
44769
39585
267910
43393
40384
312518
42241
41793
325159
44673
39137
261829
42688
40641
316647
42305
40257
313095
42241
39969
294182
41857
40737
301575
41857
40929
323079
41281
41377
261446
42113
40033
307718
42337
41185
271558
43329
40065
307847
43265
40449
265638
42945
40705
250438
43041
39937
271110
43841
40544
289350
46145
40513
305446
44737
40289
306983
42625
41377
266054
44001
41857
311527
42561
42144
284614
44161
40609
311462
43872
41313
305543
42848
40960
185220
41985
43137
273958
44865
39457
304551
43425
39777
248293
43744
39841
298279
43425
40193
260229
42145
40321
315719
42785
40321
269701
42529
41537
321895
42273
40129
308231
42368
40929
207876
43009
40801
304615
42689
41537
247333
42433
40161
319655
42977
43521
244261
41857
40321
273062
43489
40545
265670
43201
42337
240901
42688
40513
297351
43361
39969
274822
44865
39968
251814
42401
40801
248421
43936
40353
314791
42209
40673
307719
42624
42721
250149
43425
40065
303559
43361
42433
238469
43168
39521
315783
42177
39297
261733
43393
41345
298918
42145
42337
229125
42464
40225
265766
44129
40673
266758
41985
41441
263237
42433
41761
291078
44065
42369
244133
42848
40961
318343
42657
43297
221157
43809
39969
303334
43073
41569
261958
41825
42209
282790
44417
39905
309767
43649
40545
268966
41761
41153
299430
43937
40673
273926
44001
40769
269030
42945
43265
218533
41824
40801
275942
42464
42881
228837
44001
40193
306406
42529
42849
248613
44065
40513
294375
43649
41505
271910
42497
41281
274758
43041
42657
278887
44897
40641
249253
43041
39585
244838
41440
39681
323591
41921
39649
280582
41569
42817
284870
43265
41280
241125
40000
40897
277478
42241
40257
266310
42689
40481
234917
43329
45825
144291
42913
41217
296103
43777
40513
303558
42433
41057
270758
45313
39937
266117
42017
41505
268902
41089
40833
324423
42977
42689
245797
43904
40129
301063
42369
42048
265605
41793
41121
273414
41953
42369
305639
43777
40448
303015
42817
40801
262694
43233
40321
267782
42305
42689
249766
43745
40225
299398
43937
40353
308775
43137
39873
268453
42017
41185
248965
43649
40129
305638
41729
41056
248805
42017
40001
320391
43425
44065
234565
43297
39169
302599
42401
43009
239238
42337
41280
303175
42913
41857
257126
42273
40992
312519
43233
40993
273030
42529
40993
308166
42209
42881
282086
42081
40449
310182
43169
40833
269542
42625
41505
288391
44833
41953
299206
43297
39105
261926
42945
40609
296774
43009
41569
290566
44097
39425
296390
43041
40545
275270
42625
41377
320807
42817
43265
234981
42048
40993
302951
42433
41089
272006
42113
42336
295206
42241
41057
243525
42369
42401
283558
42880
40993
297351
44193
39969
268550
42337
40673
269926
42881
39488
269062
43585
39585
321703
41889
39777
275302
42560
40961
294694
43265
39713
264134
43425
40769
310503
42369
43553
229733
43873
40897
300774
43457
40161
304583
42145
42177
269478
43521
40001
295462
41249
42305
276710
44737
40257
296966
42528
41313
303335
44065
40321
257605
44065
40993
266342
42913
42465
269061
40961
39297
270342
41953
41409
314695
41601
41889
227909
44961
42945
108002
43553
40737
283558
44481
40961
278950
44353
41569
310022
44865
39841
282182
42721
42977
280230
42241
43041
277030
43905
42113
239397
41793
42145
293926
44577
41409
267398
42049
41441
286791
44193
40129
298662
43905
39553
303111
44193
40321
311558
44545
40161
298727
43809
40449
308358
41953
40353
308807
42273
41921
307590
44449
39617
311591
43201
40737
293095
44193
39809
304390
44897
41409
300135
44321
42465
245861
44321
38816
306407
44705
42368
273958
42145
43233
234853
44640
40097
300999
44225
40673
296934
45409
41536
296166
44577
39713
300999
45313
40064
303751
44385
40417
242374
43841
40449
276230
43937
41985
278022
44193
40673
306278
42625
40545
323175
44225
43073
291878
43585
40641
284902
43905
40673
301127
43585
42816
314279
44321
41313
306983
41953
39777
283878
42241
43393
245573
43617
40737
309959
43969
40352
306119
42977
40608
242694
44193
40737
307142
42657
40929
310407
43937
41409
282022
46017
42976
298470
43745
41633
246117
43361
41089
304039
44033
41153
317767
43905
40257
267270
43521
40577
303367
43681
40513
305894
44737
43137
283014
43393
42273
285702
43201
40161
273542
43841
39681
302791
43009
40897
309222
45281
41057
306951
45409
42913
265765
44449
39584
306247
43713
42465
303847
42337
41312
284870
45633
41377
273574
42401
39936
313191
42305
42561
295207
44225
41217
305894
43457
40193
288806
44929
39617
314471
41793
41889
247557
43393
40385
276422
43201
41249
298630
44128
41761
226309
42401
42017
301478
43137
40833
310343
44257
43265
154947
43073
41057
297574
44672
40417
291047
42465
40449
291014
45857
39424
298727
44897
40545
304358
42561
40129
284774
44705
39393
304679
45441
39745
319463
41537
39425
311719
42401
39809
306086
43745
40673
264198
42593
41761
277734
43713
39808
301863
41857
40513
314535
42913
39585
275942
46465
42017
308007
42177
40993
278342
42305
42817
268774
45633
42593
260549
42369
42241
275462
44417
40865
282311
43105
42721
200228
43809
40449
300807
42177
42209
238181
43745
40544
296583
43105
40577
311174
43201
40481
290598
44161
40513
296134
44193
41313
297286
42721
42113
227685
43617
40289
305542
43745
40961
302279
41761
40224
318855
44513
41953
260422
43617
40033
314630
44129
40449
317831
43201
40257
296647
44897
40225
313574
44288
40321
313447
44129
39649
307366
42113
41729
287494
43201
41409
306279
44897
41089
304774
41953
40769
304551
41121
41056
318887
43073
40417
298759
43841
42720
128354
42657
40929
283526
44609
40225
314311
41633
41473
310887
44385
40065
321031
43649
39745
286918
41569
39809
273510
42561
39489
290855
44257
39777
295014
44065
41825
315399
43009
40672
307846
41793
41729
279174
41665
39425
286918
42849
39489
314215
43809
39425
305991
44545
40545
305063
43457
42113
317415
43169
42913
292198
44833
41633
307495
44001
40001
303974
43329
40609
324615
45313
44001
298342
41825
40513
278054
43585
42529
297063
42593
41249
314151
43905
45537
241766
43169
41441
310374
43553
41313
310055
44225
41313
313062
44801
42145
268230
45025
42913
303719
44065
40961
303270
43585
39968
295335
43393
39009
304902
44097
42561
309127
42753
40417
309318
42529
41153
315367
44193
40577
306695
42881
42945
306054
44833
41473
154212
43009
41664
266565
43681
42753
255334
43393
40257
300806
43937
41344
300615
44353
41825
313255
43137
39841
305446
44577
40673
309255
41633
40096
313638
42272
40801
310471
42849
40065
271525
42017
42593
245029
42593
42081
286183
41313
40193
304262
42017
42720
239717
42337
43073
282182
43713
40545
296838
43489
40705
304486
44033
41217
314023
44161
40513
299783
45185
40513
278150
44321
41569
309255
43905
40672
316198
44641
40705
277062
44449
40801
304678
44769
42593
289926
43840
40513
296871
44033
39968
319079
44257
40641
287398
44609
40737
289862
43041
40705
269062
44225
41729
307654
42241
41825
291878
42177
41409
299559
44001
43393
307878
44673
40096
294534
42369
40609
211172
43969
40225
287910
42433
40577
308806
43105
40161
314855
41377
40129
319303
43297
39905
298182
43009
39489
311111
43489
43777
308838
44769
41729
314055
43457
40001
302151
44097
40001
265638
44321
39393
296135
43553
41313
292998
42529
40001
318151
42337
43105
270725
45153
40993
307463
43617
40032
279527
43457
38720
310823
43809
40064
289767
42465
41216
264965
43169
40417
281094
43617
41089
290374
42657
40545
273478
42689
42625
237830
44225
41633
301958
46977
40577
247206
43905
39680
266534
44033
41441
304423
42913
40769
272101
44833
41281
300295
43873
41409
313991
44257
40417
317031
44768
40641
293831
43137
40161
288070
44353
40993
282566
42401
43201
245189
43233
40001
265926
45089
41601
295014
42369
40097
313319
44609
41505
314791
42816
40576
272806
42080
41025
304839
43297
41921
311334
44353
43073
268102
42817
42017
296167
44225
40256
308294
44161
40385
314279
44801
40065
305958
41345
39745
270566
44097
41857
271013
43873
40769
234117
44737
39745
323815
45025
40929
281734
44000
40577
301159
43617
41537
286918
42689
39393
312135
42913
40449
307526
42689
40673
310983
42976
41857
195812
42273
40449
287910
41057
40865
268742
43873
39873
301798
42145
40000
293478
43585
40385
292774
42497
42113
246149
43489
40352
286150
42081
41408
271302
41793
42529
227237
44097
39393
304166
42113
41729
299719
40577
40993
318438
42849
41729
295270
44833
41505
259878
42273
41216
261350
41313
40897
300231
43361
41729
215365
43777
42625
269510
42465
40673
271686
38657
34625
383016
38433
35297
403881
42209
41441
283814
42113
41953
262118
41889
40928
315654
42753
41025
315399
44289
40480
274502
44609
41537
305862
42721
42304
283334
43521
40481
286182
44865
40289
298951
42145
42369
295302
43361
40129
276486
42241
40833
281094
43681
40385
290598
43233
41377
313095
43073
41344
311175
44801
41281
304935
41953
41153
287686
43873
40769
303655
43521
42113
314663
41633
39841
312167
44384
42689
226885
43201
41601
260997
42689
40321
274662
44321
40449
300998
41313
42049
306983
43137
39521
319623
43009
40321
302438
41985
42337
317767
42177
39872
314087
42081
40769
300807
43841
39873
309574
42560
42465
311879
44481
40801
306758
43489
40865
310023
43745
42945
309095
44673
41537
308806
44193
39840
289926
41601
41825
306918
43905
40705
289222
44865
40545
314471
46145
41056
310215
43745
39681
316935
43745
39841
311526
44161
40161
313095
42785
41665
285350
43585
40065
230341
42497
41025
269254
43713
39425
281606
41921
41953
262086
45441
40833
292166
42113
43393
289158
42081
40961
283846
43649
41057
275782
43009
41281
290727
44449
40704
311271
44033
41121
297703
44097
42081
298278
42337
40449
318855
42785
39649
258405
42529
40577
295334
44289
40481
305159
44225
42113
303494
42593
41569
295911
43489
40577
264677
42496
40865
304903
45089
40993
299718
44577
39648
311655
44129
40225
273478
43105
39873
287270
44449
39489
307751
44417
40545
242597
44225
39713
305543
44129
40129
312262
44225
41153
315463
43169
40801
299015
42273
40480
310663
44097
40417
316039
43841
42081
294182
42465
44225
303527
43553
41665
311942
43969
42081
298950
42753
40353
277158
44033
40833
277318
42944
40929
283814
44097
40960
263269
42593
39585
271590
41825
40161
268773
41281
43329
281862
46465
40225
270758
43713
39297
303238
44161
41121
311879
44257
39873
300486
42784
40033
301927
44001
41281
308391
43105
41473
221957
42817
40641
256614
44449
40769
256133
43616
42433
280390
43713
41953
276934
42945
40864
299462
42689
40705
297863
42689
40256
306151
43777
39904
284039
41729
40832
313862
43936
40801
298183
42561
42817
286022
43233
40193
259750
44833
41121
208964
44193
41057
293702
41793
42753
285447
43745
41057
303238
44513
39745
301383
41825
41601
273317
42017
39648
305543
43393
40897
232709
43905
41025
298374
41857
41089
284326
42401
40001
277830
44256
41057
282278
44161
41888
227749
44033
40321
271078
44481
40289
289319
44065
43105
274470
44449
40353
292903
42689
41569
307974
44449
42753
279366
46081
40289
275686
44065
40225
222181
42721
39329
268837
44705
40993
311847
44673
41217
298823
44161
39873
317670
44001
41761
291974
44065
39905
291079
44097
40385
272390
42593
39553
289863
44033
40257
286630
43585
39617
264614
41825
41377
296070
43296
42561
286438
43873
40737
291175
44033
40417
289254
44065
41281
299527
43841
39777
279590
43713
42593
200645
44193
40737
295206
44641
42017
308551
43233
40001
315110
44352
40193
307527
42241
40769
276454
44353
41313
302182
42433
42977
281350
44033
42561
286406
42785
42593
269990
44769
41057
277189
41441
43169
280326
43777
42625
285127
44673
40897
311078
44257
39393
302567
43265
42625
238917
44225
40321
288198
44673
39585
276517
43969
39425
297158
44545
39937
307143
43969
39777
287270
44545
40609
309479
47361
41153
294054
42785
39425
277414
42625
43329
175427
43585
41249
272966
43841
41792
284359
44385
39809
305606
43777
43105
308711
45185
40545
289926
44065
44417
276358
44289
40289
298631
41921
41217
272646
43617
42401
306279
41664
40897
245061
43713
41697
271718
43201
42401
288102
42241
41473
302279
41569
41281
283558
41889
39617
271462
42721
42593
282567
43681
40128
309095
45569
40321
307431
42849
41217
288742
44481
40577
285158
44609
40193
288263
44449
40737
258022
44705
41217
302695
44897
42464
256293
44353
43137
179396
42017
40865
297798
41569
42177
289318
43937
41921
296551
43681
40672
301287
42049
40673
314599
42048
40480
269510
41377
40289
261350
42017
40993
263685
41921
40353
274150
42561
40033
308550
44065
40481
309351
43105
41217
309127
42721
42017
277446
43617
40096
295303
42049
40129
307302
43840
40193
308231
44033
41057
307654
42337
40544
309639
43841
41057
308839
45249
40897
255109
43136
41185
300743
41569
40545
310086
42080
40385
311687
42752
38849
283782
42209
41025
244165
43553
41345
305671
42209
41345
305286
44289
41569
308359
42369
41537
274822
43456
39105
309927
42369
40801
293415
42432
40352
262086
40705
40193
309831
42369
39681
274054
46465
40033
272934
42145
40225
280678
41729
40833
299430
42017
42400
275334
43713
40961
278022
43329
41441
304263
43009
40257
306886
42273
41697
310503
42081
39937
282726
42496
40705
313095
41857
40129
271302
43457
40417
284518
41921
40609
258182
42113
41313
306246
42144
41793
211877
42657
40449
262309
44801
41409
296070
43521
40961
271654
43265
40961
292070
43745
40257
305223
44001
40897
255365
42048
40705
314279
41953
40257
263141
42593
40449
306567
42945
40609
298311
42529
42433
305222
42177
40961
267686
44065
40801
304134
43521
41345
308615
41889
40896
319815
43521
41025
303591
43233
40193
316935
44129
41249
287302
43009
42497
283110
43073
40225
242789
42209
41761
281510
43041
40289
298246
42785
42945
279462
44961
40545
298631
42721
41217
243749
41377
41281
309223
45057
41377
302822
42785
43713
278694
44321
41025
293606
43776
40929
313191
41825
42017
314343
42273
40289
300902
43265
40992
283910
42177
41889
312454
42625
40705
303783
41761
39681
308806
43489
40576
306631
42625
41217
301223
42977
41121
267238
43200
42177
275366
44513
40897
288582
42369
40769
268390
44129
41377
306503
41985
41057
267686
42209
40321
307623
41920
40064
265894
42145
44161
279462
43841
39937
301094
44065
40257
315911
43329
41793
202052
43009
41537
296198
43073
40769
266342
42401
40768
303974
43777
40353
312103
43937
40961
285190
44161
40897
305223
44641
40865
292039
42241
40609
297798
43585
42369
283462
43681
40929
278598
44160
40225
303431
42785
41217
307782
43072
40545
314791
41825
40065
319750
43361
42305
287526
44001
39969
297639
43361
41504
308103
43297
40705
310407
43489
41473
311846
43873
44577
302599
44065
41825
304167
42209
40449
289638
42017
40737
258886
44417
44161
247493
43713
39872
294887
43905
40705
296326
43105
41153
305415
43521
40353
302407
42625
39616
308391
42625
39873
312647
44257
40896
314886
42048
40385
305351
43265
42049
318631
43233
42209
267270
42657
40609
312550
42049
40609
312071
42433
41057
260134
42657
41376
310695
42497
40609
277318
42081
40865
311654
41121
41409
258854
43041
40801
310246
42113
42369
290950
43585
42529
222021
43937
41249
305254
43105
41537
294247
44065
40481
306886
45281
40512
253958
44128
41825
222405
43809
40833
287750
41921
41153
289831
42049
41089
281638
42273
40769
305959
42785
42113
260485
41889
42112
253477
44417
41633
287174
42849
42849
283878
44545
40321
278342
42113
43105
289446
43745
40992
293030
43425
40609
302630
42849
42849
283526
44257
40033
297735
42561
40833
301222
42657
40129
311751
44001
42497
302758
43297
41408
296966
43969
42529
258054
43617
40736
301767
42785
39233
312871
43361
40288
259045
42017
40929
275334
43009
40705
304486
43105
40832
251974
41697
40673
310886
41857
43265
273798
43681
42177
297735
43009
40609
295910
42625
42625
275942
44481
41089
291238
42785
40673
311847
41857
40513
314854
44257
40513
267526
44865
40417
282950
43809
44033
230629
42593
40993
263462
42304
40449
278726
41985
41121
305191
42689
40481
316454
42145
40161
312231
42433
40256
286086
42849
42657
256261
43233
40257
304455
42753
40513
264325
44065
41185
311079
44225
40641
305414
43905
41089
313639
42113
48065
188644
43745
40897
299718
43009
40449
266150
41729
41857
283430
44065
40320
295814
43649
40577
302375
41825
40353
280134
43905
40609
299271
42529
40033
309606
41216
40705
317575
42049
40737
305287
41825
40577
272454
43905
41825
309767
43329
40513
263109
41313
39873
314983
42017
40449
309798
41793
41249
233829
43457
40193
294791
44257
41089
267141
43201
40576
300583
45313
39873
303399
43713
41184
267174
43649
41697
259078
44193
41409
311110
42369
42369
269286
44512
40833
241670
44577
40513
302598
42945
43329
279462
44385
39553
295302
42273
40673
270406
43169
40673
308871
44225
40833
297382
42433
40865
309831
42273
40705
322247
43009
40449
299303
42881
40161
307878
43489
41057
312295
44769
40161
262758
42625
39969
274694
44193
40321
255206
44225
40865
301926
43169
39872
306343
43041
41121
303687
42657
41857
308326
42624
40801
301991
44065
40320
281158
42433
39617
264902
42401
39905
272550
42401
42209
287814
44609
41601
299751
44737
41217
216100
44545
41473
308583
45441
41217
295047
41889
41217
267590
42272
42881
276550
44865
40257
293702
41921
40737
306695
41409
40353
317959
42401
40256
311110
42657
40161
304199
42689
41217
312646
42400
40609
317191
41921
40705
252422
44289
39809
275942
42656
40257
303143
42913
41377
301926
42881
41665
313351
42305
40705
312103
41793
41217
312039
42913
41313
312999
43777
41281
307174
42816
40929
308583
43073
40961
306535
41921
40705
311463
43201
41409
247846
41889
39713
310342
42433
39681
313671
43041
40288
279302
42465
40673
287654
44321
41505
306951
43297
41473
309030
42433
41216
300614
43169
41857
300871
44097
41409
282406
43265
43265
266822
44577
41633
285158
43809
42048
248453
43041
39745
299975
43905
39936
310150
44993
41281
268998
42721
42881
254437
42785
42465
267782
44225
40065
302823
44481
41249
297094
44513
40865
305767
45313
40545
297638
41280
39969
309799
42753
41345
304807
43841
41089
290214
44289
42849
191044
43777
40257
293190
42880
41761
308583
44161
40193
293414
44097
40448
308071
42401
40929
307815
42593
40001
256613
44289
40000
295207
44385
41633
311142
42177
40449
272422
42241
40449
267014
41953
41057
306278
41345
40577
309927
41377
41057
312422
42433
39297
312647
42689
39969
254278
44577
42081
234245
44513
40001
297094
42561
39937
288263
43745
39969
293318
43041
40577
306247
43873
39905
258021
41665
40769
259046
43489
40609
251557
42305
40993
308999
43617
39105
251910
42849
40449
280678
42657
40961
312359
42497
40128
318214
42177
40449
281126
42721
42913
310375
44353
40801
311462
41728
41825
308871
42817
41953
304422
42081
42817
296390
43457
40769
301799
42657
40865
305350
42593
42817
289350
43872
40384
278823
42625
41953
292230
42465
40097
300263
40929
41217
321063
43265
41345
308295
44545
40544
269509
43841
42017
257542
44673
39937
304103
44641
40897
274182
44033
39648
290535
42561
41121
252709
42561
41793
246757
43233
41281
305511
43297
42784
259397
44545
40289
302055
42369
42337
284742
43905
41569
278438
45377
41153
249894
44481
40481
256965
42497
40129
268870
41761
40577
276902
45761
40481
285158
43745
41281
294919
43457
41152
314151
42145
39937
300455
42369
41985
250149
43265
41633
301350
42561
40097
268998
44289
40673
298790
43937
41409
309383
42145
40705
313383
43489
40577
270566
43457
40673
264294
44001
40865
283462
43425
41249
279878
42465
42081
274342
45089
43809
224069
44449
40417
254694
43041
41313
277094
43041
40993
303303
43553
40609
305638
42945
40321
264966
41313
42113
310791
44065
40353
308294
42976
39777
303399
43937
40545
297766
43681
42177
270502
43489
40865
304486
43073
40801
313991
43200
42753
281094
44097
40705
290278
42241
41025
275526
42721
41153
301031
43073
40864
257989
42624
43265
270630
43329
42657
290054
41697
40449
270438
44257
40832
277830
42113
41121
291366
43201
42369
273670
41313
40545
292006
44161
40417
247461
41441
40705
311943
43649
41569
278790
43233
39905
304135
44737
40737
306694
44705
39873
308071
41441
41025
262438
44065
39041
309126
42401
40513
292423
43008
39936
268901
44065
40353
265862
42625
40737
280646
44321
41089
275142
43809
39969
274054
44193
41313
288198
42401
44097
279110
44033
39457
275174
43297
40961
260806
42337
40289
297095
44001
41569
308038
44704
40385
304903
44001
40961
308198
46401
43169
258406
44129
40801
305735
44449
40993
197636
44737
40449
267558
42817
39937
285574
44577
39649
282598
43905
39489
281734
41857
39169
295174
42240
40993
277670
43649
40193
295431
42433
42241
280326
43361
41377
260966
43233
41121
298214
42945
43969
236901
44641
42401
294438
43617
41152
304167
44353
40289
304903
41921
43265
269798
43457
40705
293671
43137
42945
285063
44033
40385
289126
41249
40257
312135
42977
41313
278854
44481
39072
301543
43073
40257
292486
47425
40161
298374
42369
40385
284038
44449
41697
240357
43040
42465
300743
43937
41441
288710
41953
40353
235397
42144
42689
261318
44129
40321
273734
43905
40577
304551
42081
42529
310086
42849
41153
273190
42273
40225
310183
43681
40065
282854
43745
40097
271942
43745
40673
299846
41377
39425
312583
44801
41601
296679
44801
42145
302374
45025
40929
311303
45601
41825
303046
44801
40705
282118
43649
41409
254342
46529
42593
290918
44384
41057
302567
41889
40353
254341
42209
42273
271238
44097
41025
286214
44161
41121
203076
42145
42561
288391
43969
40193
287238
43200
41153
306855
42049
40705
298630
42849
41089
303622
44449
41153
286438
43585
41121
262853
43297
40288
296134
41601
41057
305063
42241
42241
278054
44545
41536
291687
43585
39873
307078
42497
41121
280678
43649
42241
286791
43745
40545
290790
43105
40033
306055
44385
40641
306438
43585
40065
264038
42689
41281
297254
44417
41185
306694
42913
41185
298983
42625
41825
297542
42881
43649
284550
43969
41632
232741
44129
41761
292326
42113
41377
266918
42593
42209
268389
42241
41249
274054
41121
42880
275750
43201
41377
286790
43169
42945
282598
42145
41473
257125
41921
42689
266758
42817
41089
260229
43137
44321
267878
42049
41697
266150
41441
43169
278950
42849
40929
262694
42465
40993
297670
43425
41024
304487
45025
41281
253606
42529
40673
303942
42081
43649
275942
41761
40033
266694
42785
40705
300742
41601
42305
229605
42465
39584
272229
43457
40289
278854
41729
42625
244933
43457
39713
299494
42721
40545
300135
44513
40129
302886
42049
41024
288390
43361
40161
289862
42401
40161
284678
42017
42913
273158
43041
42305
271334
44673
39649
270278
42369
41472
269925
43617
39841
268838
42849
40737
315687
44641
40513
304838
42465
39745
314823
45313
39457
254309
42625
41249
303879
41857
41313
307655
43969
42785
288678
41889
40929
267878
41953
42561
281734
43041
40705
260678
42753
41217
283751
43265
40865
270118
42529
41505
309511
44833
41409
237221
43681
40833
253413
42784
40513
286759
42305
41345
295622
43777
40800
290023
41825
42593
291110
43457
42113
260838
43201
41089
300583
42241
40353
306470
41441
41441
286406
41793
40577
256165
42176
40897
315879
44065
39777
254694
41441
40513
311783
41537
42624
284838
42304
40224
276262
44193
39777
273158
42049
42145
285607
43649
40257
300902
43425
41440
288134
44193
40705
261829
42880
40801
285894
44737
41857
295367
41953
43297
283782
43776
43073
223013
42689
42529
272998
42208
40513
307463
42081
40865
312679
43361
40481
304262
42049
40833
267558
42433
41441
279526
43009
40992
301095
42465
41121
278278
43169
41537
303014
42017
39553
308679
41345
41153
290214
43457
39649
301927
41697
40865
310342
43105
40993
281190
43905
41120
288967
41729
40577
312326
42817
42497
277990
44673
40609
308583
42241
40577
305830
43521
40577
293575
43137
40865
302214
44833
40449
230757
42881
41633
277350
43297
40416
261062
41697
42113
217893
44321
42721
265413
42657
40513
270502
40705
40993
301446
43873
43201
284838
41441
40545
261702
42689
42945
274406
42529
41089
268518
42913
40769
307846
41345
38816
310919
42497
40161
317863
43393
40576
263653
43297
42625
293862
44001
41185
293703
42913
40672
306630
43297
41889
280294
43969
40705
302854
42944
41505
306375
42817
42625
279879
45409
40193
290310
43233
41089
299015
42337
42401
267430
43040
39777
301319
42849
40449
279718
42753
41121
273030
43680
41728
240742
43521
40353
260293
42913
42049
233733
43873
40641
283526
42944
40737
306375
42465
40929
308295
41857
42369
281286
43297
39873
287878
43265
41121
236421
43777
40161
290790
44225
39841
294151
43329
40641
299846
42273
39681
267206
42177
42561
283590
43489
41441
294758
44193
40353
293991
41377
40224
312391
42753
39905
308807
42753
41057
288902
41537
40993
309927
43361
41792
281222
41665
40385
269222
42752
41441
296743
43457
41601
301286
42561
41632
205668
43328
40481
297863
41793
40033
278566
41729
41121
281574
41793
39425
308454
42049
40001
308551
42401
41217
285223
42337
39809
277606
41729
40065
309319
42273
41281
306790
41856
41569
285318
41889
40705
289607
44960
40769
264102
42049
42497
256486
42945
43809
280550
42305
42081
270278
42433
40801
260966
43233
40864
311079
44289
41569
246150
43681
41217
310918
42240
40449
305607
41985
39808
282759
44161
40225
282822
41729
41632
293318
43201
40129
284678
43008
42433
249061
41921
40257
279719
43009
40001
296934
42113
43201
283238
41441
42049
291590
43456
41217
307975
41953
40065
304230
41825
41537
286790
43713
40545
301671
42977
40513
303238
42977
41985
277542
42113
40417
299078
43873
40609
300358
42401
38913
273862
42209
40129
297382
41408
42304
293766
42081
40833
274278
41665
41601
280518
43457
40481
300103
42817
40992
319239
43297
40256
298663
42017
40097
307718
41792
40673
315495
42273
41857
292647
43905
40577
297062
42977
41025
240677
43585
42624
272582
44801
41441
297606
42433
43104
286086
43457
39841
295398
41217
42593
285126
44097
42625
274117
43457
41409
299142
43841
40993
303719
42753
41025
261605
42304
40929
286022
43713
39969
294118
42785
41921
309735
43105
41217
310663
41953
40001
272966
43393
39745
314855
42785
39745
243718
44225
40129
295398
43009
42336
280966
44321
39489
304294
42336
42081
281670
44481
39169
287398
42241
42497
281254
43777
40705
296935
42849
41345
237861
42688
41601
282502
44961
40577
299750
41505
40065
327751
43521
42017
250694
43585
41281
291846
41793
39904
295271
42625
38945
315270
42048
39905
314727
41985
40449
319303
42209
41633
272838
43713
40512
292518
42721
41889
229285
42529
40225
272262
42017
41889
288487
42785
40577
259269
41889
40961
312327
42689
40513
309702
42785
42625
286758
43265
41345
300103
43553
40513
303014
43393
41793
306599
42593
43233
283494
43713
41857
267142
44705
41249
301319
42433
41921
220741
43297
41217
284998
42721
40385
309030
42465
40097
307751
42401
41441
305415
44801
40097
259493
41921
40705
309991
40705
40609
290374
42369
40129
274502
42337
42689
277638
42625
40673
301734
40864
43393
281126
42017
41633
263269
42209
40993
282342
42945
41313
272262
40865
40352
313095
42689
42369
278566
43393
39393
297414
42592
41057
307431
42145
42721
283207
43809
40705
295270
42305
40897
311111
43905
40865
300422
44673
40833
254598
45089
40289
267493
44385
40577
242245
42593
40545
313319
44513
40801
264773
42720
40833
278566
44449
39809
305959
42433
40257
300710
43073
40385
299271
43297
41601
306598
44033
40257
258246
43713
41025
309383
41633
41697
282310
43969
39937
304839
43553
40545
278662
41729
39808
294694
43137
42049
280390
44513
40737
290214
43553
40609
313831
41953
42849
278918
44609
40769
303335
43073
40865
305766
41985
40449
317479
42785
41409
288871
44129
41089
255301
44160
39873
305799
42625
39073
316550
41857
40609
257477
43073
40097
304327
44705
41857
302726
42849
40769
312295
43393
40705
324295
42497
42049
274470
42081
40897
261126
43073
40545
310374
41505
39521
318407
44641
41569
307046
42624
42241
288646
44225
40417
296999
41665
41441
318567
44577
42689
281606
44193
40449
289222
43553
43073
271302
44129
41473
298823
42977
41153
307718
44352
40481
306215
42785
40161
271589
42817
42145
287270
43105
39841
274662
42625
41697
270214
42241
41984
292710
42913
41569
226917
42401
41729
265734
42881
40289
308615
43137
41345
271590
42593
40001
309031
41633
41985
281926
45249
41665
300486
42561
42113
267718
43585
40257
305318
43041
42401
260390
42689
41281
302854
42432
40609
314727
41889
41761
244038
44481
42241
296902
42529
40225
309287
41377
41537
307302
42624
41697
292998
42689
41217
297959
42209
40481
301254
42081
40961
309511
41921
42177
275654
41217
42945
279878
43297
40577
309927
42721
41729
278310
44097
41409
300807
42273
42145
245509
43681
40833
305767
42113
41985
236070
44769
40833
299078
43521
41376
237285
43745
40641
306246
41409
40929
279238
43009
40065
305415
41441
42849
272902
44545
40960
295303
42945
42561
233446
44641
40353
286822
44001
42849
243782
43873
40321
307590
42433
41345
267814
42721
40576
270661
43136
43201
237765
44545
39713
292039
42113
39136
312327
42689
42177
238245
43585
42081
288902
41377
40448
294214
43745
39681
310278
42433
42593
282534
43649
40641
268486
45281
41121
197060
43777
41473
228261
43361
41089
299911
42497
42817
275334
43008
41249
291047
42145
41665
302278
44257
41888
301639
45025
41057
266694
42913
43041
238597
44385
40096
286406
44449
40065
310086
44417
40801
297383
42785
40865
312167
43905
39681
300710
42849
43233
226405
44065
39809
302086
42305
40705
302247
42593
41824
272902
43777
40065
302086
42049
40513
303975
43297
42369
272806
44161
40384
298311
42177
42657
243206
43841
40833
279974
42305
40513
223013
43841
39745
283078
42113
40065
300807
43105
40385
304166
41281
40801
286502
43841
40801
303079
41665
40449
273926
41664
40769
284838
43969
40321
308518
43009
39777
308551
42241
40097
267142
41601
41345
287430
43777
39584
292870
42561
40897
315815
42881
39681
268134
43073
40449
295911
41761
41184
314983
42113
40833
314183
42337
40737
286535
44097
41153
287078
42625
40961
307623
42465
41665
310278
42177
41089
311623
41761
40993
312103
43201
40961
270950
44321
41569
241894
42913
39584
267270
42017
40769
310023
41697
40993
309094
43041
40576
306599
41729
40897
287431
42880
40896
269318
41761
40353
308743
43169
40545
313958
42273
40321
312231
42721
42592
235973
44545
39617
301094
44801
40609
255174
43073
40289
306150
44449
40641
307719
43201
41985
279334
42817
39809
268198
42145
40449
315207
41505
40577
291526
43617
40097
293446
41249
41537
282407
44289
40129
280230
43937
40609
295463
42081
41345
281030
44577
40512
300454
43297
42081
155972
44865
41057
285862
41473
41089
297927
42081
41729
280198
44001
40768
300198
42657
42336
278726
43169
41441
300262
42401
41025
311527
43041
40417
286342
43873
40993
302919
42273
42017
289479
44161
40737
302598
42657
42528
283750
43361
40097
297190
42177
41952
294150
42177
41537
300231
43297
40576
308326
42849
40705
313383
40993
40481
293542
43297
40320
301095
44289
41761
247078
43009
41921
306630
43073
40801
310599
44321
42401
234277
42849
40545
236261
43073
39681
288134
42497
40288
311079
43073
41121
263302
42625
39681
272518
43233
40001
258374
42913
40353
311399
41953
40673
263846
42273
39009
313351
43265
40481
263749
41185
40961
316775
41728
40128
276581
43905
40384
314311
44385
39905
273382
41408
41280
271013
42369
40417
297798
42785
43200
274982
42305
42049
296294
41889
39361
297127
42273
40801
297862
41409
39265
322087
41697
42017
279974
44129
41089
296806
43105
40513
315463
41761
39457
307526
42593
41089
252934
42209
41537
285062
44641
40449
297542
43041
42273
317031
43777
40353
301030
43905
40545
312359
42753
40801
311814
42529
42401
286726
44705
40609
297127
43009
40352
314630
43200
40609
306855
43553
40769
303558
42529
41185
313479
44289
40993
299047
43969
40833
300646
42561
42592
290438
44097
40801
298918
41505
41153
274886
42849
40737
269254
42209
40193
302438
42784
40609
303303
43585
41249
302246
42337
41185
310055
44865
42113
304071
44609
41505
306918
44641
42113
230917
43009
42689
301542
42977
40865
306855
42401
40353
310279
41697
40064
314887
44897
40353
314599
43969
40289
298790
43329
42881
271238
43873
40577
302535
42017
40065
308678
42977
40128
287014
43969
42144
265765
43905
40161
304935
41089
41793
287783
44033
40513
304998
41313
41313
283526
44993
41057
299942
43521
41665
273734
43585
40321
302215
42785
40385
256197
44448
40289
297479
42497
41729
283526
43265
40705
298214
44321
40769
308231
42241
42145
222149
42945
41409
298951
43969
39712
320583
43905
41248
298151
43521
40865
311399
43841
40993
296230
42593
39073
314759
42721
42881
274374
42561
41248
301639
44065
42273
275046
41921
41216
268998
41953
40513
297927
42625
41089
305126
42240
41857
305383
42945
40481
316135
41761
41121
283654
42465
39585
269158
43585
41761
308294
41825
40289
307239
43265
39457
309254
41856
41345
236613
43425
40065
302855
44129
41921
270021
43777
40833
298823
42305
41377
258502
42913
40577
243973
42401
39905
314151
42465
41025
309094
42880
39617
305063
41857
39969
303911
41184
39361
320807
42433
40385
305895
41729
41217
279942
44865
40833
296070
45217
40481
300039
43361
40192
306214
43073
40289
309511
43905
41441
299046
43297
42465
276390
41153
42497
275814
42081
39809
297862
41857
40065
312103
43969
41345
314278
44001
40737
237445
43617
40449
308486
41601
40545
316263
42593
42177
290919
43937
40929
295814
43329
40736
298727
42561
40545
301030
43521
40897
239718
44225
41025
274790
42401
40801
308326
42529
41505
269606
43809
40737
304935
43233
39905
306343
42337
39937
284006
44641
39873
306662
42561
41504
287878
43713
40736
271493
42945
39809
310567
43841
40673
297895
41505
40480
268838
43745
39969
278950
43041
40961
302598
43681
40769
301670
44225
40289
266406
42529
41473
274694
44033
40641
262470
44385
40577
260965
44129
39233
283462
42369
40929
299303
42177
41953
277158
42433
40833
301095
44001
45121
232869
42689
40513
268454
43361
40577
307015
41313
42977
286886
43489
41761
311623
45281
41217
298342
43105
41025
257094
44097
40545
309223
41505
42305
286214
45024
40417
298599
41921
40481
317223
41889
41089
268262
43841
40993
309671
43073
41569
271590
43713
40129
264774
41761
41089
281702
44321
39968
308006
42273
40865
300839
42145
42433
262534
42881
40289
301831
42753
43457
289062
44385
41473
303719
42305
40001
285223
44609
40257
302502
42113
39617
302567
43617
41089
192644
43841
40641
300775
42849
40897
309063
41921
40321
305318
43809
40257
299271
41761
42241
283814
44097
40769
296422
42657
40577
309991
42721
40705
274246
42689
40673
310407
42561
41313
309511
44033
41600
300230
44897
40737
290855
43425
40704
306407
41729
41025
314151
42817
41313
313222
44545
42305
266950
44353
40577
298342
42945
40705
316231
42081
41217
290439
44193
41409
295110
42721
40929
312007
43425
40769
312135
45793
42369
282150
43521
41249
299431
43457
40321
228549
44129
41441
280486
42913
42689
277702
44513
41089
290150
43489
42689
282470
43201
39808
268870
42113
40417
314311
41985
39873
268485
42497
41408
307047
44193
40993
309543
45153
43457
271238
43905
40449
302407
41409
41153
308966
42625
42561
308967
43073
41920
288263
44929
41633
256133
43233
40641
315687
42177
42625
282311
44385
40576
307014
43969
40737
309511
42369
40481
307174
41632
42849
302983
44833
40737
271846
44833
41345
231493
42177
41152
234661
41793
40257
300070
43009
42657
250662
43297
41281
306983
43713
41889
272102
43649
40449
312871
43905
40833
303142
42881
43041
277126
44129
40865
300806
43329
40256
306407
44097
40929
260102
43297
41025
301862
41792
40033
309703
42721
40896
273573
44993
41249
292806
43073
42913
278342
44065
40801
298214
42144
41601
282054
43681
39617
293478
43169
41857
264230
43809
41377
307815
43617
43137
270790
44481
41537
313319
44129
40481
240102
43201
41505
299462
43937
40769
230309
41889
41313
265126
43073
41281
293254
42977
39521
307047
42497
39617
279590
41569
40129
274694
42881
39745
306599
42433
39840
312071
41153
39457
316327
41473
42689
291014
43169
40256
301126
43201
40993
299783
43265
39520
314471
42080
42913
279910
42081
41473
295046
43104
40001
316679
42209
41088
283206
42784
41537
263685
42144
40001
310631
44097
40513
291207
42657
40289
253989
44289
41408
296870
43649
40961
306375
44865
40833
295462
42785
41953
282822
42881
40801
185092
43137
40096
300550
43265
41569
313671
42881
41441
294278
42816
42753
277990
44385
39745
291462
43073
41889
254981
44033
41281
305351
42561
39201
239301
43041
42401
260838
43937
40257
302855
44449
40961
301798
43328
42177
300999
43105
40257
305447
43393
41121
277190
45185
39873
293415
42849
43073
272966
44993
41313
261286
43393
40481
302471
42081
43105
276198
43905
40065
307143
42657
40993
306855
42753
41633
296838
41697
40865
314087
41505
47137
245478
43649
42529
254661
44641
39873
287143
43777
40385
302342
43745
40673
294407
42657
40705
309638
42816
41761
312967
43329
41025
312647
43873
43233
276646
43809
41185
292134
42081
41377
283271
43521
41505
301158
41505
40897
310951
44449
40513
304422
43809
40736
302758
43937
40833
304871
42721
39649
309158
41857
41313
311623
42305
41505
285382
44449
40161
305446
42913
39809
298471
42305
41536
318758
42401
42081
282118
44577
40257
298151
43393
39521
299174
44609
41089
224677
42465
40353
270597
42849
42305
280166
41665
41985
280262
44673
41537
257157
42497
41473
298502
43265
41153
270790
43009
43553
301830
42720
40609
301511
42913
39457
305191
42561
40832
302951
43297
40545
311367
42785
42241
279558
44321
40865
305159
43713
41409
302151
42209
40704
310535
44385
39744
289254
43265
40833
303942
42688
40193
311367
42497
39617
313191
42785
40225
260517
41985
41889
274086
43521
40481
269318
42177
39969
273638
43361
40705
279334
42561
41569
224484
42977
40513
261606
41793
42881
272166
41825
40385
259909
42304
39841
309927
42689
42241
299590
41729
40641
301318
43104
41441
296295
41505
42337
285638
45409
39840
299046
42785
42657
277478
43745
39937
295334
42369
40993
309031
42369
41025
273381
42145
39552
308199
42976
40865
296935
42785
41505
301510
42880
40897
297542
42625
41601
291655
42273
40353
301382
41569
41217
284902
44225
40897
296582
41793
40992
306726
44353
40321
302983
42817
41377
247205
42369
40768
300903
43937
41185
306983
41985
41953
283814
43297
39713
277062
42401
40705
299142
43041
40896
311495
42785
42945
275686
43297
40929
297639
42593
40609
265446
41729
42657
275142
44961
41249
299366
42624
42337
278534
42721
40385
301831
43521
39745
301958
43393
41825
303655
41953
39969
309926
43521
41985
273862
43905
39873
297703
42081
40001
307462
41761
39905
315399
42561
41441
287942
45025
40929
297894
43425
40769
298887
42593
39969
310214
42272
41216
249477
41825
43072
281030
42945
40801
275014
44033
40577
302567
42369
43553
280967
41953
40897
277958
42208
41921
297223
43905
40705
264357
43713
43105
272262
42945
40961
293127
43393
41120
308646
42817
40929
296967
42017
40609
311334
42977
41473
311847
42817
40961
306759
41633
40641
308646
41249
41889
236325
44353
40673
300583
44129
41024
313031
42368
41409
309287
44929
40929
296422
42881
40768
307079
43905
43841
267110
42593
40161
300102
41760
40641
301991
42657
40897
242149
44865
41281
292678
42145
40673
312263
42113
39937
305254
43264
39905
313575
41473
42497
274118
44417
40769
268230
44577
41089
298087
44225
40545
263333
44289
42593
270822
43041
40481
254278
43233
40865
309350
42209
40353
309863
42913
41025
297863
43489
40097
251621
41857
40001
281158
41633
39457
313734
43713
40705
299174
42049
40673
283014
40961
41953
272357
43521
40193
294086
42337
42688
274886
43393
43361
290438
43425
40929
304487
41985
43137
246917
43041
40321
288966
43777
40961
309959
41281
40673
314758
42977
41056
297446
42241
40609
259718
42433
40865
309062
42145
41345
282662
42464
40928
278247
42721
40480
304518
42369
39745
303367
44449
40769
268645
42273
40096
304199
42273
38945
269222
41537
40577
307206
42208
39585
305607
42049
41345
279110
43713
40865
300422
43297
40609
303239
42785
41441
299366
43041
39617
309863
42401
42817
278854
44065
41281
297606
43009
41441
311463
41889
41921
304550
42625
41601
241925
43169
40608
287239
44257
40673
307942
42817
40161
300231
42657
39137
257926
44097
40545
267494
42400
40545
300679
42209
44097
276806
43777
41185
286342
44449
40449
292935
41505
41025
275846
44353
40257
303847
41633
39585
301735
42625
42497
278758
43521
40001
301031
41921
43617
282022
43681
39841
299270
41345
41057
304487
44801
41089
255813
42432
41537
308807
43233
40929
305095
42145
41505
307110
42561
40673
306119
43009
41089
294022
42689
40737
250661
43969
40929
230533
42849
40865
260549
43713
41985
289542
42177
40481
298726
43681
41313
291590
42913
41313
313287
42497
40737
307526
44321
41825
266534
43137
40417
297799
42785
40321
301574
43681
41793
253062
42593
40800
273798
43457
41793
282278
42593
40001
310471
42401
41089
287878
42369
40705
312263
42337
41825
305863
42849
39361
296230
44065
39905
300711
42689
41057
309062
41537
40769
286854
42113
39777
314183
41921
40641
274470
44929
40224
301703
43841
42529
218213
43937
40481
291174
43553
41089
265702
42401
40929
305766
41985
41441
305319
42529
41377
257638
44513
40225
308262
42305
39456
306471
44545
39841
310055
42049
40513
283302
43328
40577
308071
43425
40065
295334
44097
40352
256677
42081
40513
302247
42337
41057
308678
42945
40161
271622
41825
41025
311015
42785
40961
299974
43105
41217
307079
43233
41377
278470
44801
40481
296006
43201
40321
303495
42273
40001
306726
43265
39905
237701
43233
39105
289767
44449
41601
232453
43617
42561
262630
42017
41089
266501
41857
39936
306151
43488
40161
290151
43105
42561
276454
44065
41184
296871
44193
40897
304071
41537
42017
285638
44416
40001
303559
42465
39616
319143
43425
39393
311367
44673
39809
300359
42145
40768
311591
44417
40833
307975
41921
40993
307206
43105
40128
303526
42497
40673
311719
42945
41473
309798
43265
41153
306535
42433
40033
308743
42337
40417
311302
44577
41088
294759
41953
43073
313095
43681
40448
309927
44577
41729
275014
43361
41825
213156
44417
40545
295174
43041
40577
304199
41761
40897
272710
41536
40577
305287
41953
40993
317511
43809
40544
308647
44193
41505
303495
42720
41792
266277
42753
38881
274470
41697
40801
260678
42561
41217
306630
45185
41473
308743
42209
40577
309926
42593
42273
234277
42401
40609
267270
42657
39521
308486
41857
40801
315719
44385
40833
311559
42465
40705
306022
42177
42657
235173
43937
40353
301894
40609
39969
306215
42593
42305
165476
43425
41153
289542
42209
40129
265606
42849
40321
299687
42081
41280
302950
41921
41121
314855
42817
42529
281542
44097
41217
292230
42081
40289
307079
42497
41441
279942
44353
40192
296263
42817
40673
270182
42017
41377
304198
43009
40449
306471
42177
39681
308422
43457
40640
301575
42497
40417
314983
43297
40609
299590
42144
40001
306535
43009
39521
303942
43041
39680
260422
41665
41472
284166
45057
40417
282662
43105
39841
291558
42689
43297
278950
42976
42529
209892
42880
40705
307911
42721
42017
261606
43297
40033
301030
44033
40673
295911
42817
39745
303238
44769
40385
318631
44193
39009
310663
45089
39873
278502
41857
42241
286406
44321
40737
295942
42017
42529
282854
43745
40705
295655
44353
40353
315014
43361
40225
303687
41857
40065
317607
41761
40705
315271
43073
40289
300039
43201
39233
309446
42977
41536
310343
43649
41377
298631
42881
40737
307398
43041
41377
272966
44993
41057
262118
44097
40384
257221
44737
41025
197156
42177
41441
278022
44193
40481
298310
41729
40769
287239
44065
40065
303078
42913
42977
270726
43712
41569
282855
42017
40320
312263
44801
42721
302439
42849
40193
310310
42784
42145
311943
42241
40385
311047
42881
40480
315014
42945
40833
301895
42529
39809
306663
42753
40385
303494
41696
40769
290118
43905
42369
292742
43041
40097
320327
44513
41345
296231
42945
40833
274822
44257
39233
303271
43905
41313
261382
42177
40896
306151
42977
41985
197829
42433
40193
300038
42145
40641
310215
41793
40001
311591
40513
42625
283910
43361
41312
296839
43393
42369
308263
42369
42209
270630
43969
39745
300615
42497
42625
282566
43041
40000
304966
43777
40001
303751
42721
40993
287014
43233
41216
296263
42817
41728
275174
43873
40737
299590
42273
41857
277990
44385
41281
293862
42913
40737
305927
43905
40705
294311
43457
40737
308358
44225
41249
299271
42145
40449
314886
41313
40033
312263
41601
41761
279910
44225
41953
226565
43809
43041
272454
44353
41761
290279
42529
40705
256581
42208
39873
304103
41729
42113
303718
42977
41025
277606
43105
41505
299175
42209
40449
283878
44193
40416
298663
43169
40929
304455
42785
41152
307303
41633
42849
289030
42753
39521
300423
44193
40609
273158
41889
42336
282118
44449
40225
298438
42880
40225
308391
42049
41185
301063
43873
40705
302982
43649
40513
308519
41921
39777
325223
43809
40672
310119
43905
39265
300519
42721
39617
310470
43041
40256
252229
44353
39905
249670
43521
41537
293158
42561
39521
262470
42400
41601
275686
40641
40545
303463
42721
40577
297319
42113
41089
279526
44257
41184
295655
42369
43009
236709
42657
40000
303430
43265
40737
307015
42337
43009
274789
43841
40129
296198
42049
42624
284230
44545
40417
287974
42593
40257
303879
41953
40577
307175
42689
41184
307846
41217
39841
315655
44481
40289
307270
42880
40417
262182
42689
41441
261030
43073
42689
276486
44673
40417
255973
43105
40673
211044
44833
41025
297606
42625
40865
305351
42945
42465
282214
42945
42689
214629
42945
41153
297287
42945
40577
305254
41889
42753
283366
43489
42561
295334
42529
42593
275718
43777
40353
298055
42657
41633
308678
42113
41025
302503
42625
41057
304647
43361
40416
311463
42657
40897
288518
43713
41217
295526
42593
41473
273542
41889
40193
310407
42113
40161
311430
42145
42081
292262
44289
40577
294887
42049
40353
258981
44161
40513
306119
43521
42081
198564
41921
40385
267814
42881
41280
289766
44577
40897
284518
43201
42657
273670
43873
39873
301287
42369
41345
305158
42817
43553
282694
41473
40929
260677
41441
43713
278694
42145
41633
270758
41601
42945
276806
43809
41248
296391
43905
40257
305958
43041
40001
271206
42209
41441
289734
42561
40481
263653
44577
40961
313671
44577
41921
303527
42529
40449
307302
43104
42593
278886
42689
40385
295398
43329
40705
291014
43393
41793
306503
43137
41377
306823
43873
41057
234533
42529
43681
277862
43937
41249
285222
41825
42497
304519
42817
41665
313894
43393
42657
275878
42689
41537
302919
42625
41761
278918
43649
40704
298983
41537
41601
278982
43745
39873
301190
42848
43457
230373
44417
40993
287814
43137
40065
268774
43009
41633
277926
42785
39937
238021
43105
41697
292902
44225
41121
299239
43009
41185
260485
42913
41313
305319
42081
42593
287495
44833
39937
297094
43297
40960
284678
44993
40065
289382
43329
42209
199684
41313
40705
301927
42369
40545
304518
44225
42945
236837
44833
40033
290214
42497
41441
293350
43905
40609
275590
43233
32128
324295
26689
24001
567788
25952
25248
583756
44705
41249
321383
42721
40577
307687
43457
41569
301894
43425
42209
297766
42496
40737
299207
41153
41377
281670
44097
40128
294407
42273
43073
275397
45857
40481
265094
42561
41920
290694
44257
40353
289926
44705
40128
251301
41729
41953
199557
43521
39681
252101
44545
40960
299815
42785
43393
240102
44001
40257
292006
43681
40001
257830
43297
41857
292870
43937
39296
302151
44641
42849
279110
42817
40801
257445
42688
42113
288678
45121
40481
285254
41825
40577
321191
44545
40481
219269
43361
40993
288870
43361
39937
292966
42497
40705
306279
42753
40609
306502
42465
40289
307783
41537
41121
317254
42913
40001
273606
43777
41089
292999
43233
39777
310982
42305
42177
294310
43617
40545
294951
42337
40001
281254
43393
39681
269382
44033
41057
291686
42625
41473
248069
43264
41313
295111
43297
41377
283302
44289
40833
292646
42529
42144
280902
45249
40577
292614
42912
40577
302151
42497
39969
301734
41632
39361
321319
41889
41729
305447
43649
40961
296166
41697
40609
312775
42433
40129
318791
44193
40449
259077
42785
40961
308903
42817
41025
294758
43969
41409
308679
43073
40417
300583
43553
40545
300486
42049
42049
301639
42241
42561
283014
43969
40001
289254
42113
42145
230053
43745
41857
297190
41408
42049
258597
44129
41505
188772
42657
42561
232069
43905
40801
274086
42433
40961
284903
44417
40129
297286
42752
40897
295815
44225
40129
308678
42017
43233
287014
42561
40673
297575
42561
42081
277062
41473
39521
269926
42913
39520
281958
44033
40577
288102
42337
40513
303463
44353
40737
299110
42721
41153
292710
42689
40929
270406
42977
40832
312039
42689
41409
296295
42625
41057
313126
42945
42849
275430
43617
41377
313031
44097
42081
300742
42817
40865
312967
42401
43105
245542
44897
42401
276518
45121
41985
286182
42817
41601
277862
44577
40481
294086
42241
40417
314247
42369
41441
305574
42272
40897
310887
41857
40321
311015
42657
40833
238053
43873
40257
306887
42145
41473
285478
44609
40449
303591
42753
42593
287719
43553
40897
307526
42336
40897
290662
44065
40513
294183
42273
40385
312902
42337
40961
264198
42881
39425
307206
42753
40929
269830
43713
40609
303623
41793
40801
313030
43808
40225
311367
42401
42049
280390
44353
40705
207588
42753
42689
235365
42113
41665
267045
42561
40897
304711
42017
40225
306983
41729
40801
309862
43073
43073
282470
43073
41057
263109
43137
42497
285094
43969
41089
292583
43297
40993
309414
42401
43169
268006
43297
40705
267142
42689
40865
303910
42977
39937
308391
42945
42401
255238
43585
39713
300806
42689
41089
297927
43489
39937
313190
43329
41825
284614
44033
39809
296295
42305
40352
316615
44000
42945
253893
44289
40289
256773
42977
42369
290662
45057
43425
212837
44065
40737
300454
42304
40641
306439
41761
40865
300519
42401
41057
295078
44321
40321
288134
42689
40993
304614
42977
42849
276934
41985
41793
262022
42241
40865
284518
43169
40832
304327
41921
41473
283334
43553
40225
301958
43105
41249
310759
43521
42849
271269
44897
40609
300678
43137
41249
294407
42369
40385
311814
44353
40480
296775
42497
40256
277862
44513
41217
305574
40993
39937
316167
42177
42241
240550
43521
40257
298182
42401
41729
256006
43169
41121
301446
42657
42785
272646
41729
42592
277606
44961
40129
297766
41889
41920
286886
44545
42689
310823
43937
40705
296646
44673
42785
266662
43105
41312
273638
43073
41665
305479
44577
40545
295398
43617
40417
288294
44225
40609
303911
42177
41793
308966
42369
41121
315847
42145
42209
284295
43617
40865
309414
42689
41025
288646
44641
40193
262822
43393
40224
262565
43264
40321
303719
41281
40001
308582
43169
39841
298406
42401
40385
310439
42177
41377
184644
44289
41601
279206
42081
40481
309254
43904
40801
269030
43841
40833
302311
41601
41889
302886
42369
41633
308327
43233
40481
304423
42465
42529
256325
44961
41089
288646
43585
41953
300295
44321
41153
238245
41665
40417
303527
43169
40993
299270
43361
40321
271046
42401
39393
261510
42657
43201
280646
44225
40577
288710
43265
41313
298342
43585
40673
298342
41344
42113
270342
44193
39809
304806
41184
41729
281702
43329
41056
276518
42785
40353
275782
43649
40545
193284
42945
40161
307334
43105
40480
303462
43425
41569
271718
44449
41345
299782
44321
41089
261798
41665
41633
307143
41345
40449
317447
41248
40289
305095
42497
43073
279558
44801
40416
303846
42593
40897
304167
44129
41217
253061
43809
41025
304391
41889
41025
312870
42369
40864
308103
44321
40897
296647
42913
41313
312902
42049
41345
234373
44065
40705
308551
45153
42400
260677
43457
42273
272390
42657
40225
306503
42209
41505
306662
41952
41377
239301
43361
40609
297158
42912
40961
260262
43041
40545
256038
43649
41793
269766
42753
40513
298247
43329
41441
263750
43105
40993
288678
43137
41793
308615
42689
40481
264773
43201
42913
278566
44257
41153
299495
43137
40417
316743
42593
40673
306599
41441
43041
286982
43425
40096
300870
41825
42369
296263
42433
39905
257189
41793
42209
281414
42593
40993
303879
42945
40705
296646
42145
39361
307431
42241
40961
297606
43137
40864
307879
41793
41057
267430
44289
40225
247717
43521
41344
298535
44129
40033
308935
42433
42017
237413
42209
40833
284326
41473
42817
284903
43873
40193
297798
43361
41920
282054
43585
41185
304998
41696
41921
289222
41729
40385
270598
42241
41121
305638
42369
39841
316935
44737
41249
256357
44033
40257
300902
44097
40961
263814
42081
40800
316455
43265
41857
286854
43745
40481
250758
43553
40161
294502
42177
40513
314471
43841
40321
312070
42561
42337
283942
44289
40065
300679
41857
42561
279206
44257
41729
237573
43201
40833
308518
42497
40097
310663
41377
41217
295911
41953
40737
281606
43105
40833
300326
43361
41601
307815
43169
41249
306150
43201
41889
267270
42401
40481
270598
41825
42209
281350
44449
40033
257734
42721
41345
298310
44385
40353
304743
44481
41185
259622
41505
41185
306950
43649
40673
305511
42081
43169
285287
45473
40417
292038
43233
39905
262726
43905
42113
283046
43393
39904
299942
42337
42177
233829
44097
41185
291590
42080
41665
250822
42305
41409
269318
42945
40673
290086
43520
41409
295015
43105
41857
278086
44289
40961
290662
42657
41025
272166
44289
41345
299846
43841
40129
301447
42529
40193
303750
44033
42145
268486
44801
41409
303335
42881
41761
289670
42337
40769
295686
42017
41793
293159
42497
40384
308134
42081
40577
311015
42145
43457
289095
44033
41505
293862
42817
41473
313671
43393
40673
284294
43297
41761
257542
43585
41601
277094
42977
39969
268262
43329
42593
231333
44513
40577
261574
43681
40609
234117
42145
40289
315559
44289
41473
301478
42368
42241
278214
43585
40417
291303
41697
40289
302726
43425
41633
250566
41345
41729
290502
44193
39777
295014
43329
41217
311623
41505
41249
280486
43617
43649
270406
42337
43393
221925
43969
41025
293190
42368
42529
273542
43425
39777
309254
41025
40321
278246
41953
40545
307079
41729
41217
301382
42625
40321
316039
42049
40321
303687
42849
40449
301094
44513
42785
275622
43809
42177
285318
43361
41153
248517
42689
40289
312391
40769
42849
280006
44224
41089
307335
42561
40961
300967
43873
40577
253989
42305
43009
277062
44289
40225
301862
42017
41921
236197
44161
40673
270694
41985
39969
303846
42721
42177
258693
43937
40832
226469
42305
40033
308807
42433
41185
315559
41793
42561
257190
43617
40129
275750
43073
41697
292103
42145
41857
299846
43745
40769
312903
41953
40801
311046
41729
41921
287206
42817
40449
271846
41057
40961
301158
43233
40609
244101
43105
40737
270502
43393
41185
285670
42529
39712
300263
42369
40897
280903
44193
41089
300230
42913
41121
302663
43713
41345
298214
43873
42977
265766
44897
39361
280935
43201
42881
270566
44288
40321
299943
43937
40705
292262
41921
40033
282758
43521
41665
301479
43137
