119205
42305
34753
32257
30049
27777
51778
28833
26273
25281
235976
26753
25249
545972
27041
25569
539252
27425
24832
523379
27073
25089
571509
26657
24865
558292
27297
25345
555925
26401
26529
614710
26689
25409
463568
27745
24641
520147
27425
25729
552308
27617
24993
558901
26881
26209
553652
27169
25057
538067
27041
25633
556084
27073
25249
555732
27713
25889
561269
27393
25057
555540
27265
25216
852575
27905
26721
163366
26817
25569
533587
29345
26209
268810
26977
25153
553172
26881
24897
550228
27073
24289
557364
27361
24865
554996
27649
25345
550836
29569
34401
251209
28193
26049
527348
28545
26145
521459
27969
25601
525715
27393
25697
538324
28609
25761
530963
28001
25473
541652
30402
28065
448496
29249
27297
507762
28801
26913
493298
29441
29217
506066
28929
27905
505075
29665
28513
486674
30625
28385
463601
29441
28385
506098
31169
28961
474161
28994
29601
666904
40321
30657
99204
31745
29729
407919
32258
59170
271946
26977
26273
523795
25953
26689
544084
27905
25473
368589
27425
26401
484529
27745
34145
310860
27585
28545
492786
27905
26145
495634
26945
27105
493074
29089
28097
366158
28257
26529
525715
28513
27425
479633
29793
25921
320396
29057
28513
432816
28545
27297
525299
28289
27521
474289
149030
27297
229672
28129
28513
489010
27969
28161
492754
27233
28481
459024
27713
26593
453649
27169
28225
518930
29409
32833
386990
28897
27585
449009
30177
29537
437552
30881
27777
337068
30881
29953
463601
28705
29537
411375
30017
28385
449776
29377
28993
518643
30401
28033
423983
29761
28705
488433
29889
27393
403311
28993
30561
389102
29409
29217
475921
29345
27425
420879
30337
28418
477777
37346
28321
253417
60515
26977
381102
30881
27585
418351
29153
27745
439984
28865
29345
435119
29185
27073
429552
32065
30913
396654
31394
30113
351437
31842
30785
309899
32417
30978
327564
31905
30593
415663
31330
30881
413839
32417
30433
410767
32577
30785
327852
67267
30081
334732
32225
33506
350797
32417
30945
376173
31585
31873
236137
30945
30369
394510
31681
30081
412303
31937
31233
382222
32385
31649
478929
31713
30018
289355
31618
30978
386158
30881
31329
281963
31777
30593
398190
31713
31233
360269
32673
30689
375054
32513
31713
365101
31649
30945
354029
32417
31585
435984
32546
29441
443280
30497
30657
270058
31969
29922
343533
30498
31201
449745
30370
31393
318764
32418
30561
419696
32770
30210
366190
31746
31201
350988
66978
29057
287307
32001
30625
384078
32641
30497
383054
31777
30817
410735
40769
28865
230920
32162
30689
376525
30817
30977
473201
31041
32641
372877
33377
32705
417135
33857
34082
335532
43842
31489
227369
34018
33505
324428
31009
31009
315595
32130
30689
376654
31522
29570
395310
67683
31745
283050
34433
34209
257194
33729
33601
378253
32994
31521
305163
38434
29729
277354
32129
31649
423087
32833
31810
290538
34625
32737
395406
64067
31233
218344
35201
31361
270762
74659
32609
236489
35265
30145
302987
73731
30433
303179
31681
29089
383182
34433
65315
284490
33409
32610
361869
34978
33057
297227
35105
67427
269322
116548
29345
324812
32513
29921
346093
37250
30369
330956
35138
33313
300459
33761
32545
369677
32673
32545
326668
34146
31809
365037
32737
31009
304619
32609
30849
377325
33761
33218
255849
34401
32961
355693
116165
31297
201288
34594
32897
346701
99940
31490
261674
34401
33570
342156
35361
32577
330508
33793
32673
339020
75267
32289
275690
35010
32994
309643
35201
33762
295178
35937
33058
308651
33377
32705
332076
32449
31681
366605
32481
31073
383502
33762
31554
321580
33985
33633
194023
33506
32225
316843
33505
32353
282314
33825
31521
354221
33793
32353
335788
33505
31394
339500
32417
31553
359149
33730
31041
387406
34145
32769
291467
33761
31745
345292
34433
30785
341485
34497
31841
366029
33506
31201
365197
68515
31073
293802
33441
32161
313579
35233
32417
288811
44002
33217
188486
72098
31233
280202
33089
30593
383758
33697
33057
326348
33697
32610
367053
33441
34337
363821
33922
30817
379086
32993
33313
364525
32961
33057
345164
34689
34273
284458
35041
33121
310988
34242
32161
290058
34113
31553
376366
34433
33153
368493
34113
31361
364877
44001
31009
279082
36033
33122
349101
34241
32193
336428
33314
32449
368717
33537
32929
351789
34529
32705
354925
33793
32257
359917
33249
30689
387438
32737
33217
329388
41633
30401
226408
33697
32769
367469
68995
31521
287243
35521
31553
149350
34945
33537
359469
44290
31682
220040
33185
33313
370573
34529
31554
349484
33537
33441
330348
34465
33954
302411
34593
31585
357965
34274
31105
341452
34881
33121
338604
33217
32609
376238
33697
31522
378669
34370
32513
377198
32417
33313
373645
34338
33505
286282
33825
33409
361037
33665
32545
372173
33602
33793
365965
32929
32577
343884
34401
33089
368750
33953
32033
385806
34337
32865
311916
32897
32098
360685
32833
30977
377773
72802
31682
282346
33121
32002
432752
34658
33121
333868
34209
32577
370734
33537
32225
381710
32865
32641
469585
43585
31585
119333
32545
32705
388334
33986
32993
325324
74562
66722
182471
35617
34849
336524
33378
32705
339692
34273
32929
369549
33345
33217
378958
35137
33697
348173
34049
31426
360493
43777
30721
159941
36482
35393
277322
36418
35585
324844
34017
32738
300715
33665
33698
478577
34177
33793
169798
33986
32321
364077
34178
32673
308363
36802
31009
247465
39521
64130
138149
33601
32225
323276
33153
32417
393103
33825
32161
279018
34721
32993
336588
34273
33153
357165
33441
32097
388398
34945
30625
265513
33954
32865
372014
33057
32129
351565
33186
31649
338892
33249
32353
308843
34114
31969
363949
33633
32610
352525
32833
33026
347692
33537
32353
349069
32641
32322
341868
33281
33537
485426
33474
32993
203240
34017
33217
300427
40033
33377
252745
34945
31809
356813
34945
32801
342636
33089
32897
354669
36066
36386
263433
79523
32801
202056
35969
32417
311052
33666
32929
364333
33218
31361
354573
34785
33089
334924
33346
31201
374350
34369
33121
343437
34689
69219
232936
35521
33121
328620
34497
31489
324843
33473
32577
340301
32961
32545
353549
35490
32897
309547
34209
34881
339885
34018
33057
336812
33313
31938
280138
33345
33089
209992
254826
31617
152517
32833
31969
383598
33633
33921
315980
33505
33217
343373
32225
31489
356365
34273
33249
335948
35009
34721
222440
36065
34337
320203
41154
45186
260777
32769
33441
350253
33794
33442
346540
33537
32130
362189
34370
33186
344620
34146
32545
359757
34529
32865
383182
34305
32545
349868
33601
32929
370862
34017
33729
349037
72611
32417
266825
33825
32673
365613
33377
31905
531571
35522
32641
180423
52354
35329
192807
35457
35361
281386
34721
41985
236745
35106
33346
324364
34177
62115
279659
68226
32513
294987
33569
33953
303179
33218
33922
309803
33793
33249
384430
33057
32833
244425
32673
32513
389743
76003
31073
260010
33633
31617
353933
33569
31073
390382
65762
31169
309804
108228
34529
202759
34369
33537
351021
34241
46850
323052
34241
31265
281162
34465
33857
236585
34594
33697
245897
33826
32769
406735
116324
32802
206631
33825
33729
337421
34497
33953
358605
34273
31969
377038
34305
32609
283659
33665
32705
343597
37026
32130
238472
34401
34049
315404
34209
33473
342956
118180
32065
299979
34370
33025
266762
42210
30913
294346
32674
33345
294347
34113
65122
269002
32898
31394
359981
33281
33505
360621
34177
32705
326572
35265
33825
151910
71619
66114
202471
116069
31969
279339
32705
32993
370733
35042
32577
321771
33985
34849
238057
35586
35042
257289
34049
33057
289323
34497
32737
371565
34017
33569
343789
33505
32225
316523
61795
33762
261289
34433
33569
282251
34210
33217
330316
33121
30977
365965
34049
32897
290571
34338
32737
331308
32993
34593
266858
33761
32577
358221
116484
30721
270538
33825
30433
357325
33186
36482
211176
33761
114628
223464
33697
33633
348620
34049
33058
335020
33601
31393
325068
33729
32738
344204
35618
42113
194280
34081
33121
310571
32897
32289
315915
33569
32801
397390
35137
35617
207399
57058
31681
308363
34498
31041
229384
33665
32225
352557
34881
32737
216904
33057
32993
423855
35713
33921
235080
37089
31777
309515
33985
31713
307211
34561
32706
374605
34177
32161
291691
34977
92164
282314
56226
32161
275786
34466
32833
385550
33569
30721
247305
35713
63714
268170
35137
41698
238536
33665
32897
327852
38625
31393
150758
34273
32897
302923
33793
33122
315883
34817
32865
335244
34177
31745
323532
33121
32706
302347
71715
31521
298827
43426
31809
234984
33217
34274
303947
33121
33633
286442
33089
32769
279019
118244
31522
273962
33089
32929
391598
33313
71683
207271
32769
33665
267081
33473
32801
322700
34209
33825
234793
33889
62754
260522
34241
34177
215560
37986
31329
274570
33633
33762
320011
33154
32993
327244
32961
32866
311243
151718
112901
186726
34241
32993
345677
33666
41793
278538
33217
33153
252202
32353
31810
347500
33474
33377
262953
32609
35138
260266
65090
32865
247369
33921
32321
323532
33057
56194
290635
33057
32481
372334
33825
31521
308139
32641
33633
307179
42945
32097
258538
34369
33185
262090
57442
32353
302283
32993
33025
344588
43265
32289
257450
67715
60707
161510
33921
39233
273706
33537
33089
309131
34145
31201
327627
35010
33505
203591
33857
30817
326988
33442
66819
285354
117732
33377
238729
32481
32737
354989
33538
30721
354253
43810
30657
280778
34273
31233
344460
40353
32385
251369
34914
32545
268426
34913
31361
281131
34657
113508
256425
33409
31233
351756
34754
30498
258666
43618
30977
244681
32993
32673
275242
33217
31489
310379
34690
41698
220392
32706
32641
350285
34145
33345
355789
62691
32481
218472
33506
33537
301899
33985
32865
317899
33314
31649
338988
34817
32801
357645
35585
31745
299883
34913
33057
343789
35458
33345
219880
33953
37569
285802
33665
33601
291691
32546
30561
410639
32641
31297
310155
32577
32673
309995
33730
32929
363917
34113
33153
267817
33793
34273
332556
33409
33281
285098
33442
66050
293707
32993
66498
306059
70595
31393
270890
56546
31777
309996
35169
55938
246953
32897
32961
349645
33890
32577
357325
33346
32097
383374
33985
33537
273226
34081
32514
349997
34465
62306
185127
33730
32289
369390
42722
32161
268074
34178
33186
348524
35937
32738
201384
33954
69026
252937
33409
42177
276394
33057
33313
350541
34434
33441
324268
39137
32609
303563
34401
32034
243657
33281
33825
284811
35553
33505
316491
35201
33633
294635
33345
33025
346701
34017
33153
364973
33569
32705
363534
34209
33089
275626
34465
33345
315723
33377
32833
342348
42498
68706
94276
33538
31585
370062
34721
32674
369550
35233
33698
210280
42850
107236
198279
34401
33249
331628
33025
31809
362317
34081
33121
308075
33121
33441
325452
33154
33441
336429
34305
64738
293035
32577
33505
334060
33857
32994
311659
34274
56706
301003
33634
32193
378286
34594
33505
333868
33249
33025
356589
33345
32897
355533
33121
33697
347917
34177
33345
355405
34050
33889
331948
32513
31169
357933
34049
31105
310283
34114
30177
294539
34689
31713
359469
32449
30881
369517
33377
33281
308428
32674
34177
333516
34241
31105
317996
33249
32609
348621
32225
32225
342860
33633
33441
326732
33185
33409
370222
34209
32193
359437
32705
33281
351981
33729
70146
260041
32897
33122
363917
33409
33185
326316
34369
32450
361261
33825
32929
345677
33986
31138
349132
34017
33633
259018
34210
33281
287627
34113
32129
370222
33601
33025
356941
33537
33666
373070
34657
31137
412271
34113
32609
436240
35106
32193
397390
33729
32289
450833
33793
32545
448240
33185
32833
299947
32450
32801
455856
34081
32417
329964
32738
34753
317324
32801
33889
391854
35746
33537
360334
35842
33537
417359
32449
35425
415023
33025
33249
465521
34177
33441
252617
36417
35585
138533
77603
33761
269098
70723
34209
222152
70019
66467
225256
36034
35201
352429
45858
35585
214791
36354
33697
404975
36801
33985
488050
45762
33505
100516
36226
35457
385550
36449
33889
228937
34914
35170
407375
36129
44641
177862
34786
34721
373518
34049
34530
397870
46370
33473
142694
36161
32929
374510
35393
33121
367213
35266
34593
373966
35297
32961
379374
34657
32961
391887
35137
33634
395630
34881
33473
492018
134405
34914
108452
35041
72578
124933
34785
35137
346540
35873
33697
408431
69986
33441
244425
34305
33313
307947
37153
35329
327468
36481
35298
271914
35170
33985
404399
36097
33442
408719
35425
33185
409391
34689
44033
260393
36385
33313
339821
36385
33889
368526
35362
32801
398702
129541
35297
174886
36161
33761
394927
36353
33409
268426
36129
33633
345389
36001
34529
383694
46529
35073
175719
36481
33345
390510
45058
33857
234152
34721
34114
391790
36673
33441
359693
35393
33953
389327
35362
35138
343180
36897
34657
401743
36033
34177
409103
35073
33953
385454
35457
33185
406511
35809
33282
404078
35554
33889
406383
35009
139717
220040
36162
34945
307691
36993
39970
227016
37281
33441
281962
144582
34945
254153
36674
35810
230376
36769
35809
199015
131781
35649
173478
36001
78723
276234
35809
36577
168838
36769
34274
318155
35970
35521
217704
36673
34786
276266
35841
34913
342444
36001
33345
210760
44482
33761
191591
35937
36353
299563
36993
35617
295403
97764
150790
35521
34690
143077
36929
32802
237993
47809
35298
124581
37025
34977
276747
69250
33185
216839
43618
32066
242665
35297
108644
218600
33633
60258
298475
34306
33409
381614
35042
33665
305291
34210
30593
371981
61186
31713
264073
32097
33185
274410
35073
55778
250505
60578
30913
214215
34145
32289
414095
34657
32865
247209
98980
33058
191559
33665
33153
253097
33345
32833
318507
34529
62722
203879
33409
33602
315179
72035
31809
277323
34177
32257
317708
102468
67331
113668
33889
129605
221768
34017
32450
260105
33761
32641
287371
34306
32289
338540
37889
33665
255049
34401
33313
345133
34722
33281
319020
32866
41442
159814
33185
32642
383470
33825
32161
294123
35490
40098
179142
35714
64898
219304
33409
62754
295499
69282
32801
286443
33505
33730
317739
33825
32354
416239
34433
34018
316011
34945
33185
250218
33569
33601
281451
34434
33121
259593
43009
30562
280810
34082
33569
335788
34274
31201
318891
34081
55618
217288
34913
34690
208327
34402
31585
306219
34177
32225
336908
124709
32769
297643
34273
32962
209896
33665
32769
282282
33121
32321
341869
38561
60675
192167
34114
33154
358221
33633
31617
313324
32577
62210
289546
33089
32129
409423
33442
32833
264105
33665
33570
271722
33250
31073
335468
33505
32929
307819
31874
31393
294347
33697
31617
297963
36002
33473
202568
33825
34402
233289
43682
31393
188262
55778
31585
256042
34465
31842
314059
33985
34145
311052
34049
34113
300395
38721
64290
195239
44290
31585
223624
33985
33025
288010
72386
112868
136133
32706
57058
267977
34337
33377
407823
34081
41890
156069
34977
32609
351437
34402
32929
362573
34337
34209
332556
33729
52930
244201
33889
33313
348205
33025
32961
353101
33281
33153
364910
42626
31809
157606
34274
32673
259209
34337
33346
346797
33026
33537
246153
56994
33537
285482
34081
33249
328780
32705
33889
375437
82819
30817
256042
34625
33121
283498
32674
32834
330797
35233
32961
241225
33249
66595
292618
37121
32513
236905
33601
120996
207815
34433
33313
233064
35169
32449
260234
125861
34593
237865
33633
33665
289803
33857
33409
205192
33185
29409
282346
30945
29953
369678
65890
30945
254281
32481
29985
365837
31874
31713
327020
30593
31521
351277
109220
30689
340077
34402
33665
263977
34081
59458
246665
31937
29025
320428
43682
34594
365485
31489
42241
283306
55042
29249
337228
32097
30817
360494
31617
65026
288395
31713
31489
306475
32993
30849
321260
31361
65923
196071
30785
30753
303627
31234
29250
513203
41090
29825
188262
32034
32545
274890
31553
30593
289931
31585
30882
335309
31394
30721
372142
32737
29153
330668
31489
36577
336525
31810
31457
332972
31297
30753
375662
33057
31105
415087
31009
30177
323724
56130
28994
308043
64770
29537
301771
31297
112324
314572
31490
30145
432912
103844
30401
273033
31617
29377
371694
61570
29313
378510
59234
29153
293994
30433
28449
391503
64002
142597
195655
30081
30689
388942
31745
31457
316363
33057
31169
313387
30817
31393
383278
32641
31265
283050
31074
29249
269514
52802
29409
324844
31777
30113
375758
35041
29761
281322
32257
32129
405902
31233
31009
269290
31809
29473
408783
31521
31681
342061
40290
29505
320300
31777
31713
292971
71555
30913
221992
60802
30017
350701
31937
65891
220072
33218
29633
457905
31745
116069
240745
32129
30625
324396
31905
29665
342861
31745
29922
390479
31489
30337
354765
33441
31169
309227
31937
62947
245929
32097
65410
296459
40353
28225
258761
31297
30689
384334
31137
31329
292522
31553
31457
353356
32193
124133
282378
30657
31809
342380
30529
31649
386670
32065
30081
432944
32257
31777
293547
34081
69282
277098
34721
32161
377326
33601
32802
367085
39042
31329
310475
31905
31809
385806
60450
29697
339916
121124
29313
328171
31969
29953
377294
44897
33249
231241
33697
32834
311051
31649
39074
260362
31457
31361
378638
32545
30626
403599
32193
31905
299307
32481
30401
358701
32354
30817
344908
70595
31809
296203
34818
34145
214120
32961
32961
413807
34690
33953
286634
33857
32257
363821
32961
33313
336524
43073
31745
317611
33666
31777
395695
33089
32225
225481
33346
34209
274954
33825
34017
344492
33825
33474
342220
34401
33250
317451
33761
115748
210599
33025
31458
368685
34082
32802
354828
71267
31745
188935
33537
30913
314955
33889
31137
253033
69027
31425
271338
69026
30913
293643
33153
145125
171527
113476
31969
302667
34369
32897
302923
69795
33825
211976
33729
32322
360365
32929
61826
214120
33729
32161
358765
33825
33185
353069
34530
32609
286442
34114
33314
358413
34913
31105
351117
116260
31170
271562
34273
32449
365901
33537
33409
351149
34146
32961
372878
33441
30721
368301
33089
33089
337101
33633
32802
361742
33889
41473
186887
33890
32833
307243
33345
31169
339117
34113
32577
320492
33506
33729
283083
42658
31105
290763
35585
33761
278922
34657
33570
314923
34434
33505
243272
34145
31457
350733
69699
35425
175303
33762
33601
325548
33569
33089
299819
34401
32577
330572
32705
33442
351533
34561
32033
280651
33793
31617
349293
43714
32193
243465
67202
32161
254729
32770
32257
352301
40642
33154
285706
33794
31298
354253
71746
30177
247465
116132
32897
275562
33473
32610
364621
34113
33090
277546
84195
31138
177639
33121
32738
341004
33538
32033
334924
37281
30978
240489
34337
31361
340492
34721
32578
333612
33089
31041
301483
35170
30369
198759
33217
34146
309676
39586
30849
229800
33442
33153
292363
34369
33282
278314
34274
34881
328396
33665
41314
243369
33473
35233
280074
98980
55490
188487
33761
33089
341420
34914
33345
313099
33505
34689
325900
36065
32001
232745
34913
33249
287883
33921
31073
310027
32929
32353
367309
34273
33282
268650
34465
33089
297739
44130
31009
277258
33570
33409
251337
36449
132197
126564
32449
31073
434896
42594
38817
211848
32801
32545
360110
32929
41537
230409
33665
31457
330924
33537
33121
267466
36322
31297
227368
33409
32065
344236
33634
133476
249801
32801
33569
363597
32610
32033
373198
33377
33089
375246
34657
33217
253706
34177
31745
297611
32481
53858
292427
33410
33153
327852
33761
32161
314379
34049
33665
357005
37217
31169
331468
33473
31457
346604
34497
31105
316652
35233
68515
279466
33025
33282
353037
33346
32769
329740
34081
32353
326156
145734
32801
257290
35361
33121
273130
33217
34081
345325
34465
32353
283242
33537
33185
333612
34338
33313
283562
44738
30817
184902
34977
32193
322796
81539
33954
247145
34081
31873
234600
34530
33025
305419
34497
31681
374222
34785
34146
271626
35170
32673
299723
34273
31201
355533
33538
42401
251625
33025
32961
420079
34945
33057
220840
35265
32481
350444
35105
40833
187047
33505
33090
359566
33313
33121
340780
33570
129733
251433
33601
33698
332620
57474
31553
283498
33505
32257
360845
34337
34178
289034
39810
31137
216712
33377
32705
346733
34625
69058
133829
34529
33729
324812
73219
32641
248265
66242
32770
251081
33185
31777
340012
73442
30849
208808
34337
32161
342925
34145
33473
332332
33442
66819
246281
34850
58018
280619
34081
32801
336524
32705
35745
251561
32705
33121
327340
33505
40481
248809
33505
32641
329516
34497
33890
289579
34114
30369
241961
33505
33249
321548
37665
31169
203463
33281
33090
343020
36065
30465
180294
43202
30913
250377
33249
33377
321484
43170
31169
215976
33921
33121
306987
33473
33377
348364
34433
32866
296426
86147
32257
160358
33793
32417
343693
33633
31553
312363
139813
33441
258953
132325
30913
267562
32737
29921
357805
32961
32289
342349
33090
31905
340268
33729
33058
322412
33985
32098
409934
120996
30817
193543
33506
30977
375726
71842
31329
217896
36194
32770
273354
34881
32834
306987
86979
58178
189671
34337
32609
373070
34402
32609
338348
37921
30753
249705
33538
33025
374574
33985
52290
241065
33153
33921
318411
33697
33313
319755
34369
33601
339820
43650
31841
219336
35393
32577
274474
33505
31137
356717
33921
33921
340653
34817
60354
344141
33922
33345
287339
33761
31873
305707
34049
33666
356620
33954
32897
250505
33505
68994
231176
33826
32801
321996
34018
35170
284522
33217
34593
308716
33985
32897
360205
126436
32769
232040
34402
33218
339404
34786
60706
235529
33409
31361
365710
55298
32897
241289
34561
42370
246249
35170
35746
357037
33281
32834
329036
33729
32321
332301
33345
33090
343404
32866
31105
364718
76290
32961
107011
33601
32033
329900
34241
33473
335340
33921
42242
220648
34657
33601
313195
33729
55714
308043
33921
32610
345420
34849
62467
214887
112196
32321
285451
33985
32737
360461
31713
33345
345005
33538
33313
320620
33761
32642
347244
107812
32993
280010
33890
33698
347724
33217
32066
291755
34562
35489
293482
33985
30913
367214
67074
32994
258057
33570
33217
303179
33570
32673
358061
33569
32321
333708
33665
33569
287722
33953
32545
298507
33345
74115
277802
33857
32642
363022
33217
31233
377166
34273
33185
253386
34369
33665
294251
34017
60482
264873
33921
33793
278762
34145
32193
332332
33761
31009
356909
119524
31169
275946
33601
33665
324235
33313
32674
351820
32193
31713
393135
34018
33121
303467
31937
60226
300811
33537
32737
340460
121284
102948
126180
32642
31745
354412
33985
54882
198183
33537
30786
375534
58082
30561
267434
34337
32769
239113
34561
32513
281898
34689
32737
319724
33217
33442
286602
43426
31137
190695
33249
32321
365101
34081
32417
311595
42594
30625
236521
33698
32769
350733
34401
32385
236552
35233
33761
264393
33985
33089
268905
34241
33409
217320
34433
32993
283562
34049
33153
308523
34657
33634
340365
33665
33378
283370
33761
33505
342861
34210
33377
328460
33250
32962
296202
34529
32993
276618
32801
31521
356973
43714
64418
174822
32193
33410
369645
34338
33826
352140
33953
32289
246217
33570
32833
354669
34978
31809
268138
33569
33857
355533
42626
33761
141957
33857
32481
346285
43361
33409
205511
33473
33057
339660
33250
130181
295018
34817
33025
216552
33121
33153
303403
90979
37537
111204
34337
100964
260010
33313
32642
224744
33442
31489
315692
33697
31745
294123
33922
31329
360813
106340
33538
168486
33794
33825
256521
35393
33377
329644
34177
33570
364173
33569
30785
338380
33665
33473
245033
34337
34401
241161
34241
32674
325035
34433
32705
367310
33953
33441
308428
34561
33218
298283
34594
67970
232777
64002
32610
216200
34754
33153
290411
33953
33185
292714
35329
33153
267306
34017
32673
312747
33057
32418
352397
33729
41634
212647
33025
32705
328492
33697
39361
279178
34017
62914
231720
33057
32993
329228
34753
34305
233545
33281
33569
300491
33761
41185
225992
33057
32193
343853
56610
31329
279530
33890
62082
309099
33409
33537
269449
34273
32993
298762
33153
33313
343341
34818
33601
263913
119652
33441
251529
34114
71074
242281
44322
31138
266633
75842
31585
302475
33666
31873
376366
34561
32866
246377
32833
31041
279210
33921
33250
361998
33441
31073
307243
33857
32609
333868
34529
31010
448369
33666
30273
224968
33570
32609
362157
34177
31809
431312
33217
32898
208711
33282
32449
326412
33377
31969
306635
32866
33921
334636
34433
33569
221224
33633
34305
244585
32449
32225
357005
32865
33249
271978
32546
33409
366861
32449
32225
363245
33250
31489
304683
34881
32257
371181
32801
30817
306571
34017
31713
342636
74435
30433
243433
32834
31266
348844
32577
31617
360045
33505
31201
308715
33825
31105
364078
32929
31457
355053
33282
33601
293163
32929
30657
348140
32097
32994
338092
33185
63202
263785
33153
30849
315340
32961
31682
358190
33569
65154
287658
65794
30850
291210
33281
65411
291018
33089
32257
395983
35073
32385
323628
34241
33025
269162
33505
32993
363917
33153
31873
338029
33313
31553
358093
34689
32545
334412
34466
31009
269610
34529
32929
355565
33761
33985
277834
33601
32033
340461
34114
32834
348652
35329
32929
262698
33921
32001
367822
34337
33282
284682
33857
32001
318060
33889
33057
357549
33921
33793
320684
34817
68706
269674
33921
31649
421008
33377
31105
275562
33761
33249
336556
34625
31617
346541
34754
33826
321003
34657
121540
211944
33985
33153
283562
33570
33377
352717
33569
53634
261130
33921
33377
366925
34689
33857
317067
33633
33345
257322
33633
32257
336460
42881
58178
182950
34305
33313
340556
74243
30721
317836
35233
33858
246857
33569
33217
356237
37729
30977
248425
34689
32161
310635
32865
31330
332845
34017
33153
362733
33697
30658
355021
34146
116900
257226
33922
32481
296139
33409
33281
367437
33985
32418
290442
34018
32129
301899
38017
31393
294827
34082
32385
343405
62562
30625
308331
33185
32546
360845
33089
32033
371885
33345
120549
266537
35457
32481
291595
32801
30945
334349
34177
33025
330924
34465
117124
264426
33442
34210
313003
34049
32705
324332
75555
32033
279499
33313
34018
333292
33858
39777
286347
32962
33473
289259
33857
32545
281194
33505
33698
269290
35106
32609
302443
34850
70883
186951
32801
32705
354349
34145
118277
248009
57218
30657
264585
34562
33601
273194
68834
30721
295722
33377
32450
333228
33921
31521
295851
34594
60482
147461
33537
55234
301035
33889
33922
342540
33026
32353
263849
34177
64674
206536
33506
32289
406351
43489
31873
206919
33985
32897
320844
69954
30529
271114
33249
68898
281642
33665
36033
255881
132741
33025
254409
33794
32929
361454
152165
32705
228777
33665
111140
202952
33441
33153
349453
33985
33569
138021
40289
30401
286314
32993
32802
365581
34401
32833
248393
35457
32865
258762
143781
32641
156549
43970
31617
212520
34177
33857
325355
34977
40994
300427
33537
36769
190567
56899
31297
273002
32641
32161
372589
33153
32769
332236
34369
31329
386286
32993
31553
269642
75971
30881
267530
33794
32257
359021
35425
33410
284171
39298
32449
222792
34946
32641
332556
32929
32641
353741
132293
33602
270538
37825
32001
216584
34561
33409
321515
33953
33441
301099
32770
33953
324044
32834
59010
258473
62114
31906
313676
44162
31778
283914
32449
31873
346188
33409
65058
203240
34081
33537
324620
33922
35073
268841
42209
32385
280906
38498
32097
277002
33249
31905
333324
57154
31105
291050
33633
33250
368653
34145
33153
316364
34081
31425
366669
33953
32641
357613
33921
30913
350445
33153
33729
349357
66210
31617
309131
34561
33313
260618
34050
33505
295435
33825
32481
297451
33665
33249
353389
66211
68642
183271
33026
30689
374190
34594
62850
242665
57602
32098
265194
34754
33665
231913
35265
34081
287723
34497
33889
329868
42977
33217
216264
33633
33346
296267
34018
34049
279370
34690
34529
281419
33793
34017
262762
34785
34145
217736
35425
34241
224840
34017
33697
277354
33505
32129
330668
33217
33602
269481
70786
31745
312844
33793
125700
232489
33985
69602
283659
36482
32673
177127
34817
33570
282955
34401
33889
297675
33825
33217
381230
34913
32353
231337
34146
32865
330796
34273
34337
314444
33633
32737
243785
34082
33249
336364
42529
31745
290123
64195
30498
260425
33889
33569
343853
33730
37857
178822
33602
32354
318763
60898
30305
282410
33121
33314
282730
42914
32289
251337
34017
34721
350637
35361
33889
279914
33377
32929
323340
32385
34209
343597
33986
34273
226760
33889
34337
257097
33889
32577
343020
33186
34017
217736
66786
31233
283466
34945
32961
325644
58658
32354
262697
33282
32802
329355
34945
32033
307755
35233
33025
277354
33761
32929
326220
33025
32578
252649
33697
33857
337260
33730
33281
339981
32705
31489
389358
34561
33505
314348
33281
33409
337996
34017
32865
258761
32193
31585
355373
33057
31553
375310
34050
41889
245801
33857
33921
312492
33313
33057
367309
33345
65122
260265
42530
32225
278954
33889
31649
355405
34658
33569
327884
34689
31457
312587
43106
30529
194343
34305
33601
366573
33985
33857
235272
34977
32897
262858
33185
33057
360877
121860
34017
218056
33889
32769
316556
34497
118148
197063
34049
31713
351789
34145
33698
440720
34722
32129
226377
33729
32257
320908
33185
32641
341933
35009
56835
177734
33697
33122
308555
34177
32706
300555
33634
33217
227048
34113
33345
377198
62082
30881
235721
40258
33281
261737
33410
32545
329580
34241
31137
261642
33697
33857
301131
33601
34306
227752
33697
33473
284618
33281
34177
258826
34305
33281
328044
43362
31777
241993
34114
34145
339852
33729
32609
327051
33826
31137
281706
40033
31905
243017
33825
32897
357581
34178
33473
326348
34337
30753
307435
34881
32577
344908
33281
32865
284714
33601
32961
325292
34241
32417
316619
34786
32577
385230
33313
32929
274762
32065
32129
366862
32833
33281
377934
33985
62947
276298
32737
31873
298955
33409
30817
317132
34113
32193
344493
34913
33121
340652
32737
32097
297515
33346
33505
228200
33953
33698
300683
34849
70786
258474
33218
33345
341132
34305
31041
374606
43554
31681
239272
33218
33090
276618
33377
32770
347309
33346
31489
337069
33538
32737
343789
33185
32833
367213
33857
31297
352109
33409
33826
340780
34402
32322
356717
34625
33089
277034
33825
32833
356621
34626
33186
346605
33473
33186
295243
33569
30497
337676
33857
31969
398287
33921
29857
234473
33121
30786
364749
33601
31937
315660
32738
30722
347148
33345
32417
369230
74371
32225
250601
34689
32641
249225
32481
32129
314892
32610
32737
344140
33153
30113
361325
33345
33058
315499
33985
70915
248905
33057
32705
345452
73699
31041
228136
34849
31489
384558
32801
32482
427440
34338
32481
432464
33922
32641
329228
40321
32449
220744
33698
32641
368237
34113
33410
346093
32865
32289
437232
43105
31329
232393
33025
107588
319499
32801
33313
368846
32449
31585
440080
33409
30914
445808
32929
29665
445169
32033
30497
476209
73859
35266
164742
34977
33122
345677
33154
42113
273706
34049
32513
365741
33921
31841
295146
33633
32225
469713
33953
33153
315308
32481
30625
454353
33633
31233
312972
33505
30817
427056
33409
30370
336813
33217
31810
446032
33921
30177
301803
34689
33761
411535
35361
33473
378926
33570
32417
387791
33473
31682
427568
32897
34018
177318
33249
30817
430256
36289
33601
393550
45730
35073
223048
35841
33761
388782
33569
33889
398542
33729
31233
433744
32513
32258
439024
37154
34818
332045
35841
32546
401806
34177
33761
381677
34913
33825
413359
35234
33025
409167
34177
33633
420239
35682
33057
342092
35617
33633
405422
34433
33026
399727
35362
34817
305163
35521
33153
405135
36578
33922
400462
34753
33569
400814
34401
33410
396302
34977
33409
402190
35201
33377
404271
46114
33665
259913
36033
33313
397710
35489
33409
408943
36961
33409
366125
34722
33889
372846
36066
34018
411183
73443
33346
275402
35617
32546
393422
35105
33121
394318
35617
34177
323308
34658
35521
276778
35489
35618
357933
35201
33634
397295
35585
34209
398894
82019
34145
178535
36033
34209
394446
34881
34785
398702
35713
35042
388238
34370
33186
408847
39233
40961
346637
42754
35298
103076
37281
36194
355533
36129
34017
403151
35553
33122
408687
34305
43201
230121
35457
34177
384590
35073
33697
415983
36898
34753
359693
38881
36833
358285
38914
35106
360525
36578
33121
386734
35969
33857
399183
58402
36065
320588
37826
37857
276778
38017
39265
143461
39394
35489
298123
39073
34689
301547
37313
34785
352045
39618
34849
393550
38017
37505
231561
37473
36993
339116
38178
34753
365806
37858
35457
377486
36801
35586
373453
37250
47329
136101
39074
35361
356141
37313
35426
351981
37762
127588
189255
37826
36545
299211
37409
34881
370222
37921
35618
373357
37314
37538
354541
37057
34401
376653
74179
36929
241609
37377
35969
352973
38145
37025
358029
36642
34689
361358
36449
37314
361165
38370
38658
288746
36833
35169
368238
38561
34401
384846
38210
36930
390510
38433
35137
264330
39074
36514
347820
38049
37954
327820
38785
35234
368973
38721
36609
353101
49410
36641
108772
38849
36321
340524
36833
35394
324236
36769
34753
353165
38561
36033
350541
37154
37281
345453
38881
37377
359886
37697
37282
360237
39105
34881
326892
37473
37185
343149
37793
36577
329996
38274
35361
355180
37154
36769
342701
38433
36194
367693
37890
36898
374542
37057
35266
360525
38306
34817
300523
38017
35617
345805
42753
35361
131557
38690
35202
324428
38273
34849
367565
37985
34817
336237
36865
137189
196839
38465
38434
266857
39073
35457
343917
40001
36610
336652
37410
36385
368141
38882
35969
350573
52193
37729
168102
38401
36386
321004
38113
37090
364909
37889
35361
358637
37442
36321
368078
38626
36673
449936
40257
37473
120933
37441
35393
347725
37922
35521
355596
37441
35489
345901
37730
34850
347660
36737
35009
359245
38241
40545
290987
38369
34369
361773
138245
36673
183591
38561
36449
375182
37281
35266
379022
37409
36161
376846
38594
35297
364205
51618
36225
109444
37634
38050
313419
37025
35489
338700
38210
37441
324556
37185
37537
369869
36642
37282
357645
83491
35841
116324
36706
35874
349869
37889
37186
363533
36673
34433
331724
36482
37633
369870
37089
37761
350701
37473
35553
336557
37121
35970
358157
38018
35105
362253
37281
35361
349165
37409
37186
197095
37153
35105
367982
37281
35201
298155
36866
35681
367021
37057
35777
366510
36385
35682
263689
38018
36674
300907
37025
34817
370286
37889
34465
389070
37058
35969
378766
37441
35009
406542
76514
34305
174374
35873
35201
378702
35906
36673
372749
36769
33921
350029
39201
35074
368653
37185
35617
270602
38977
35713
289931
38369
35906
376717
37409
35618
385326
36994
35009
352781
37602
35137
372141
36609
35329
365741
37826
35841
350348
36738
33761
361325
36929
34978
373869
36673
35746
351981
37729
34977
303275
37409
35522
353292
36834
36001
344269
40225
40674
147622
41026
37377
192327
38337
58626
329004
38562
35777
362509
41378
34433
163942
39201
36290
340460
38562
34689
376622
37921
36609
265418
38946
36129
366541
36929
36865
346061
36609
34945
360653
36577
34882
359085
39778
37409
194536
78147
37441
243848
40130
36385
336685
37633
34529
346060
37122
33985
356333
37153
35713
367597
37506
37505
358221
37666
33825
370766
37793
34945
354445
38466
35873
289387
38881
36386
366029
36674
35585
366925
40225
39489
317387
45058
37249
131461
48737
35905
100676
49154
38337
199303
37698
36961
327916
37858
36769
366990
37377
36833
374638
36225
36673
377582
37793
35969
373646
37409
35618
376237
36290
35521
384878
38242
38017
310283
50914
37473
272490
40065
39458
277802
36897
36385
339916
38626
37538
324876
37697
38017
360238
38434
36001
305835
37313
36098
333772
37314
35297
367533
36577
35874
388206
37665
36833
241609
37762
35362
298603
37890
36705
329996
37314
36162
350444
37025
35745
352493
36737
35841
353613
38177
36161
344589
37569
36033
351885
37154
35714
346700
38369
35394
350445
36865
35649
354413
37345
36226
347245
37313
36001
351309
48577
35489
159142
37186
36929
376238
37153
37601
365453
39010
37793
363054
38337
36706
364141
37698
36705
365357
50818
38145
298315
40258
38785
307020
37249
35233
352685
37442
36417
344205
37890
35169
365037
37122
35393
378766
49666
38945
301003
42113
39681
197223
38978
35169
297067
38849
35521
368685
38401
36225
372366
37442
34849
366765
40257
36546
268810
40770
52834
171943
38914
34817
280202
37474
35073
372878
37505
34978
375373
38626
35585
366766
39713
36514
369037
40354
37058
294667
38881
37729
334540
39041
35073
207847
39010
39842
321227
37089
35490
364429
48450
35746
158758
38562
36098
299531
37441
35777
379086
37825
36225
372590
36801
35617
336972
75139
35041
230504
37410
35841
371726
36513
37026
305771
36897
35649
332109
37186
35426
336652
38722
35521
352844
80162
34241
198920
36674
37058
342156
36578
35169
362990
37122
38018
359085
37441
35777
355341
36801
35937
348525
38658
37281
257738
37378
71715
172646
37793
37793
312235
37601
35681
368877
37506
35905
381390
37441
35074
367917
37378
35426
381486
38081
36226
359469
37025
36353
353869
47746
36097
177959
35714
34882
339084
38465
35394
357357
38369
35553
347533
35842
34145
369901
37346
35425
375054
37569
36866
316875
37569
34338
354060
81763
35425
187719
38690
35393
368781
37889
35969
320588
38497
36161
365709
37058
37601
330060
45730
36609
269034
45729
27777
231337
28289
24577
769628
70627
36545
103204
37985
36994
323372
39169
36162
370093
37665
36289
328140
37922
37953
383502
38497
37762
370349
39170
36962
352589
38241
35970
363981
37985
36738
378221
37698
36545
372238
38881
36770
371181
37601
37537
371950
38017
38274
366285
38017
37250
370605
37122
37761
378030
85603
40225
109796
41953
39778
323116
40321
40897
325996
41313
39138
328300
40257
36993
322732
39553
40001
318027
41026
39585
318124
39970
39810
329356
41409
40482
307755
39330
41154
326188
40769
40289
323947
40130
39809
309260
41057
39233
322252
40449
39714
317547
40674
39361
312779
40321
39778
312651
40385
39009
312268
40545
40002
275658
40513
38882
313483
39969
38754
329164
40641
40226
288682
39137
39393
336973
40066
39457
327724
41857
40034
265706
41122
39874
324332
42241
40161
270089
40257
40193
332844
41058
40546
328780
39233
39649
317323
40865
40129
284363
40193
39873
294730
39649
39714
316748
39746
38977
282410
39457
39426
311627
39778
39394
334220
40705
38945
314347
39681
39617
329708
40674
39393
315275
40322
39713
324236
40770
39522
326316
40322
39746
300971
40225
40417
309676
39810
39745
330284
40673
39393
329548
39553
39522
329740
40386
39234
341228
40129
39554
327788
41026
38818
334540
39265
39394
317099
39681
40706
275850
39233
39841
325132
40034
39937
328044
39553
40129
286506
40482
40002
289834
39714
40162
297835
39394
40161
312459
41025
40546
328716
41378
40545
322572
41057
39137
335980
42178
38753
316716
39778
40353
295690
40322
39938
321196
40322
39905
317803
39489
38593
332748
40417
40577
305451
40866
39138
342444
39489
39650
321004
40673
39777
291723
39873
40450
314508
40482
40001
284683
39426
40002
309259
39681
40802
289611
40674
39617
325964
40577
40193
328012
40418
39266
240841
40386
40001
317803
40673
40002
316428
40322
40098
329900
40386
39938
343053
40769
39265
332268
40545
39874
318636
41121
40193
275850
40450
40258
330060
39745
40194
314604
40449
40418
295787
41665
40002
301707
41697
39746
325676
39841
38562
333740
39938
39714
333964
39297
38785
309067
39010
39169
321324
39457
39617
329996
40257
39490
336588
40450
39905
320779
39137
39905
316876
39618
39745
297066
39682
38945
315212
40674
40225
311979
39777
39714
314316
40674
39521
255753
40738
39553
314443
39361
39809
310124
40194
39554
305611
40129
40001
323435
39425
40610
319020
40546
40194
339372
41025
39649
340525
40450
39681
318060
40129
39393
334764
39745
39394
319308
40162
40194
330700
39489
38913
325548
39010
39425
318347
39937
39937
324492
39073
39521
310859
39650
39233
321100
40866
39713
313484
40290
39265
325260
39874
39489
340397
39266
39426
330828
40481
39298
331244
40673
40386
284587
40194
39841
283530
40161
39970
253257
39746
39393
301227
40034
40161
282282
39457
40257
336621
40065
39521
322700
40385
40065
297610
39937
39394
316748
38978
39585
316619
38945
38657
334669
39906
40194
336140
39297
38914
317900
41570
38626
332076
39106
40225
315467
39617
40002
299563
40865
40546
284746
40833
40737
323147
39265
40898
318284
40033
39905
300267
40161
39745
329356
40225
40546
336460
40546
40289
299915
40418
39777
316844
39650
39298
341548
40257
40162
323628
38818
40001
323724
41698
39746
261034
40321
39586
319724
39969
38913
328588
39457
38401
331340
40193
39298
330924
40289
39777
329036
39233
38785
342508
40673
39265
296842
39969
40546
317484
40066
40033
316747
40449
39777
340909
44546
40161
313067
39746
39937
310187
40161
39394
323948
41218
40001
284810
40481
39521
320939
40097
39650
348237
40610
40289
286570
40673
39713
329836
40962
40034
309131
40513
39938
307851
39586
40002
337388
40001
39521
324812
39905
39169
304587
40226
40001
321643
41153
40801
218600
40962
40162
297515
39842
38817
319435
40865
39778
295627
41218
39329
317900
39938
39713
331372
40866
40225
273418
40354
40066
285482
40801
38850
302475
40546
39105
281834
41121
39202
309931
41090
40705
278538
40386
39522
309803
40546
40290
286379
40033
40097
343948
38625
40482
313131
39297
40002
268234
39681
39874
312427
39873
39106
318604
40353
39618
323532
40257
39201
275082
40385
40610
325516
40737
40546
299211
39905
39649
337516
40578
39938
274826
39170
39617
317451
39073
38721
331340
39746
39234
330892
40034
40097
324492
39650
39617
282730
40225
39970
309803
40514
40002
300107
42529
39490
276426
39841
39073
330572
40546
39458
334316
40737
40130
282762
41186
38529
304939
38753
39074
321708
40994
39266
265546
40482
39170
327436
39970
39362
344589
41281
38913
312588
40994
39233
292842
40898
39234
291723
39042
39938
338412
39393
39137
293610
40161
39329
339309
39874
39810
309227
39394
39266
339245
40577
39394
276618
39746
39394
339532
39937
39361
339661
40610
38850
333612
39457
39426
324620
39457
39713
292779
39330
40930
338092
39521
40226
317132
39361
40418
307403
39617
40513
312652
41218
40161
311371
39681
38881
309260
40290
39361
306603
39905
39073
304043
39585
39746
291883
40353
40226
332268
40065
38081
279531
40289
39554
265738
39489
39809
348620
39969
40098
293738
39329
39873
319948
39649
39169
318187
39521
39713
306571
39202
39425
320043
40001
38818
317900
40706
39361
267562
39393
40002
317067
40321
40033
314732
38593
39105
315659
40065
39010
321132
38946
40001
335404
39650
39042
310059
40801
39713
304107
38722
39169
301739
39809
39745
333389
40065
40033
290379
40193
39906
312843
40162
39745
311852
39778
39746
339308
40833
39938
296587
39426
39809
282922
40354
39649
333420
40513
40098
319084
39489
39585
298251
40545
39138
343437
39042
40066
338732
39873
39746
281898
38594
39361
311532
38978
40225
321483
39329
40065
270025
40098
40193
310379
40386
39394
340716
40001
40417
284939
40130
39649
313771
39265
39458
315148
39330
39426
329996
39073
39585
330156
38689
40098
316364
40450
39841
327980
39682
39073
330700
40290
40674
332108
39329
39681
350028
39073
39682
325900
39873
39202
308331
40705
40450
326476
39650
39362
326188
39330
39905
318123
39810
39937
270410
39618
39457
321483
41378
39809
280139
39970
40290
335852
40513
39201
324139
39298
39842
298507
39393
39522
309035
40705
37762
243049
39265
39457
340908
39329
39521
336301
39745
39425
333708
39650
39650
337420
39649
39585
332428
41282
39425
341036
40513
39265
332044
40161
39201
346733
39585
39298
316107
41122
39682
329068
40290
39425
318604
39266
39553
351884
40225
39650
327724
39874
39842
330284
40993
39169
333196
40162
40610
326988
39746
39617
295914
40289
39265
333100
39394
39938
336268
40609
39457
330060
40161
40513
341580
40417
39681
338413
40417
40193
335244
40034
40546
342508
40481
39169
275050
39938
39682
337644
40641
39970
320651
40609
39969
333132
40226
39170
336908
39041
39809
333325
40418
40226
332972
40546
39874
336972
39777
39553
339756
41218
40353
328492
40225
40257
333709
40482
40578
336300
39618
39970
339020
39777
40002
345965
39746
40738
337580
39778
40226
350189
39426
39074
331756
38754
39938
437328
77731
88291
57507
41057
106372
77891
41825
107652
77218
38914
206056
79075
48002
115716
40193
39425
248521
40130
77187
128005
41633
38913
111460
83011
40418
189223
81859
37825
288586
38850
37218
308043
76995
37026
192487
73763
57666
164646
37377
42306
216008
39426
37697
226824
73538
35809
278378
48865
33889
162886
42242
35873
200968
71043
37121
202248
37089
143237
178470
73699
34849
238249
38785
61698
108100
38242
63810
226696
37889
35905
282987
38177
67555
194951
38241
36673
118500
75170
35361
262089
49954
35298
111044
38626
36513
192167
37634
37601
199015
45730
35042
207016
39329
35617
113188
103588
33985
186662
37633
34658
250473
37345
70242
202343
131493
126789
97028
35489
36033
110372
69922
32641
264650
37729
35137
209800
41730
33762
208423
36161
35137
216679
35649
35138
332332
37250
35170
247017
141125
34369
185286
36962
34657
251113
37314
35266
244745
35649
75555
225032
36033
35585
318540
36449
36097
183687
35073
35074
225064
45730
32737
189479
36353
33954
211496
35969
35713
272202
70691
35138
194855
36289
32833
269258
129253
70786
182022
41250
32833
181255
35841
34434
325676
45281
34274
203463
35105
35553
298539
36834
34529
235529
36449
33602
310635
36834
33473
287467
35361
34529
263498
36481
33025
275978
36450
35426
287146
35329
33890
326892
37377
36225
281547
36545
35426
281482
36385
33282
308235
45634
33281
246505
36578
35809
328268
35521
34881
313772
41249
34241
163238
36161
35521
192711
36129
35073
278475
35361
44130
207816
36514
35457
150950
35073
34850
303787
37889
30690
346828
43106
33985
97155
34242
33890
356301
33921
33121
296267
33889
32578
366765
33378
33281
361421
32961
33825
247945
32865
31905
325612
33346
30305
362285
32898
33058
311979
61538
32481
249193
34689
31617
336493
34529
59747
219048
44386
33250
117924
36449
34113
204423
36642
68931
323404
42658
33057
218888
33313
99939
289387
34306
31329
369422
34241
33090
389039
33377
33601
276938
33985
31777
339789
42530
31553
267050
32833
31937
299563
33921
33057
245513
33282
31649
350253
66979
31393
303307
32641
32993
366381
88259
31329
247753
33666
32161
381070
34978
32898
251433
34241
33537
334381
117573
31489
306155
57666
34177
224937
33409
33537
311212
33025
32833
327820
141670
31681
270314
34434
40737
225321
33218
33025
337676
34177
32705
299691
33794
33377
301259
34785
31041
277130
33505
33569
317580
33217
30465
410319
34913
64738
202856
34658
33025
291754
76643
32642
118533
33634
32321
310219
33729
32993
375726
34081
33665
294635
33441
32865
374958
42881
31201
228873
33377
33090
312043
33505
32097
342188
32738
33218
259210
32866
33921
302859
32993
121220
254889
34273
30914
259274
33826
32129
363822
33601
32065
418863
34433
32161
213512
34305
32161
373294
32481
30465
386766
33889
32225
226728
68547
31105
275498
40994
67043
225064
33217
32706
358669
33057
32577
362125
126981
30850
242312
32865
32193
365933
34178
33729
251401
33954
32353
357229
32706
32513
361901
33985
33985
262505
32417
32481
334668
33410
72642
258153
78947
32993
211912
34625
31137
281354
33089
32257
365229
38529
31297
234473
32545
32193
399695
35618
32705
289035
34306
33377
290347
32993
32289
372557
34465
32225
255818
33985
33089
307755
33794
30881
361550
33633
116964
286763
33409
31713
351340
32481
33409
316844
32961
31425
303339
34849
30977
309035
33313
32770
336076
37858
31394
231208
34178
32481
343789
33185
145350
199527
32961
32577
331692
33793
31361
262634
33441
31905
374125
33857
32577
364141
67714
31106
259337
33569
30625
373453
42465
31809
270154
34497
32705
332716
33601
36129
258025
33281
59714
267818
33665
32546
358637
68483
33698
232873
34465
32641
337644
32737
32865
360365
34241
32737
306027
33889
32929
301099
32289
32610
344140
33986
35425
223656
32385
116612
274634
35233
31521
293355
33185
32993
374702
33569
32193
282698
34017
33218
315052
32929
69667
209543
33281
30818
369901
33409
31170
348333
35265
32673
245609
33313
33025
345261
61986
33985
198183
69250
30498
298538
33537
31873
427824
34945
31489
275530
35234
32289
255209
34593
32258
389390
70434
31745
229608
33217
30721
345772
41313
30625
263689
35393
32673
278282
34497
31394
335436
35105
33186
207303
33154
33442
361293
98916
33985
158918
72291
30657
282666
32193
30881
500435
35457
33249
146565
118276
32065
278250
34433
31745
346924
33825
116388
223273
33889
31905
328588
34082
132837
240425
34497
33025
335404
33505
31425
359053
34594
33249
295082
34370
32929
250921
111332
31009
251849
33345
31553
344268
32865
33730
304683
33185
32385
366605
32897
33313
240873
71202
33442
233608
32705
32097
335020
34689
33857
271722
33314
35873
283403
33345
41538
210855
32705
32417
317355
34337
32993
341389
33953
33441
245801
33729
33058
295946
37217
31009
236008
32737
32897
371661
32385
31937
374478
33570
30721
344620
33506
32930
351724
32897
32674
336268
33505
31393
344493
32641
33089
367885
32225
33921
245961
33857
32417
348493
34850
67682
157926
33730
33729
274602
117892
31298
267145
34689
33153
282826
33793
32769
368621
32513
33089
325676
59682
31137
239497
32705
31393
332076
43586
31329
246153
33538
33569
377326
34593
32929
243945
32737
32097
388175
42721
31138
156805
43234
30721
257322
33186
31842
352556
33057
32449
345453
118469
31905
165414
33953
32897
348812
34337
33857
265802
33602
34081
289706
33153
32258
309803
33345
33249
234088
34305
32930
324396
33249
57250
206984
33666
39553
230440
68162
31777
285291
40257
30657
221480
33057
30625
352813
34625
33857
327724
69667
30241
253161
34081
32481
354669
33857
30753
227656
33697
31169
343213
72419
59010
190151
34177
32674
346732
33537
32802
268682
34210
31169
349325
32642
130180
239273
34017
37761
264426
33441
32705
346476
34017
32865
319244
44161
31489
257769
34434
31521
287274
42530
32065
197255
32961
32609
315595
32929
118884
270506
32993
33410
335788
33154
32450
301195
35010
33090
272554
71618
68707
205800
33442
59586
282123
33761
32673
293675
61922
31329
270314
32865
31617
344301
33153
33249
369197
34209
32225
226440
33346
32642
331756
68706
30753
338445
56515
31713
270922
34145
33474
368813
34849
32673
297067
66179
33153
237257
34433
31745
341901
34818
33250
231273
35297
33313
267690
61923
30274
282283
33281
33473
340492
33569
33409
268042
33474
31713
324940
33793
30913
390542
35233
32289
304139
57794
32546
281770
32961
31393
343820
33793
32321
279594
34721
70083
179591
33665
32577
351949
33857
32609
366349
33154
32449
313036
39297
31713
220712
33890
36673
221416
32929
31521
350605
36801
31329
267978
72419
31969
268713
34178
31841
377773
33953
31553
307179
32770
32353
375342
33922
32770
318699
39553
32897
242793
34306
32577
356653
34466
32609
298475
34081
33089
346445
126565
31842
229768
33921
31586
357165
32865
32641
272202
34049
32033
375469
39842
32161
282666
32993
31265
365453
34017
33473
276234
34337
32705
352013
41986
31105
187495
33409
33537
338701
33345
34305
245577
34402
32545
362478
33569
32897
270890
33377
32033
374190
33730
55202
280266
34753
33153
357037
33537
32642
284619
34721
32993
327788
34113
32673
340813
33058
32737
275882
35361
33058
361101
34657
132133
259113
32897
32513
325932
33761
32609
341068
33633
32929
345325
42113
31361
263721
33633
31906
325643
33986
32513
328396
33922
32737
330732
34177
32545
378062
34369
32225
347148
33474
32193
364974
33602
62883
273578
32801
33089
364685
43106
31361
247785
32577
59554
298603
33281
32321
369133
34817
32162
326700
32481
32289
354605
41217
31618
218024
33153
68418
290155
33057
32065
378702
34305
33089
325324
34210
33634
301803
127492
31745
271786
33761
33025
357325
131748
32673
269162
33505
32737
321676
33825
32769
379854
66498
32865
255626
42658
39393
214184
32609
32897
351181
33793
33250
332300
40513
32290
230472
33569
33249
347565
33729
32961
339436
33889
32706
325548
33921
66498
251881
133125
30369
274314
124292
32769
268394
33729
32673
410127
34113
35617
249866
32993
32801
326444
68931
31585
151909
33537
30337
331756
33057
32161
354701
35009
33057
309707
33025
31809
329964
35041
66243
221128
33377
33313
375982
34658
34177
182630
33473
33281
331661
100708
32929
194855
67106
32289
279562
33985
32482
360653
33377
33665
359725
34689
32705
310380
34722
33409
299563
34114
31873
338156
34177
32481
355373
34049
33569
345868
38050
32130
278827
42754
32641
206472
33441
112100
303948
33218
33314
337260
35297
33825
225128
33761
33250
323756
44162
32609
301163
34178
32449
362413
34338
33089
321452
34178
33985
345293
118276
31457
222664
33729
30850
360077
32545
64642
318475
34177
31585
339213
33089
32321
337132
126437
31649
308876
34561
32353
278826
34273
31105
329964
33762
32769
325484
67810
65378
173447
33249
32930
340364
34209
33121
346445
33346
32673
307275
34817
30465
325708
34465
32577
361997
34657
66242
274762
33665
33313
364878
33249
32737
381646
35810
33473
270058
34689
32705
335692
32961
41345
220712
34529
32929
319052
34306
32481
340876
33730
32513
291147
75459
32385
262602
34306
33282
362765
33345
31457
342828
33505
32738
317163
33409
32450
311755
33889
32321
354701
34434
34689
216136
35009
33729
297483
34369
31713
362509
32769
33281
232137
56578
32705
307051
33986
32513
342797
33889
32065
376717
34209
33505
306859
33281
32866
365229
33954
33441
285130
33793
70531
319340
32738
64547
244264
33281
32385
360813
62115
32993
317388
61795
31329
302123
34529
32417
312619
34178
32481
341453
33857
34466
252457
33409
32737
372046
34818
32033
318284
42306
31361
284971
33793
31649
313644
33409
130788
286250
34369
32865
308075
34977
32161
296139
33665
32673
307243
33473
56834
279947
33345
122789
285354
41218
33025
287051
33473
32385
399535
33953
117316
193863
33249
32929
385934
34305
33025
234984
42721
31105
272618
34049
32033
379150
43777
62626
142533
33345
41889
258665
34689
33410
348140
33889
32833
371437
33698
32161
295531
34177
33441
341965
35105
33313
289834
62242
30881
284299
34849
32578
283435
33313
32129
392430
34082
32801
311371
33473
31905
357485
36001
33121
275114
34498
32673
316172
33409
32449
368910
33377
32993
286442
34273
32385
357261
33313
32001
350477
33826
32577
408175
34305
32609
249705
33665
33025
334476
34721
32513
333292
94019
33025
268682
33953
34017
243881
34146
68323
255050
33633
42434
192967
33601
32641
342605
33954
33346
291690
34177
55938
250313
33569
33089
352429
33825
31426
316075
38593
31777
235465
57314
31553
305739
34369
34114
249929
34401
32193
290731
34561
33345
316235
37217
31394
227305
34209
32993
345453
34081
41537
174630
33377
32834
370094
34337
32417
278954
33985
31777
354285
33345
32641
292491
33153
31425
379022
33409
33122
335180
34082
41857
230472
33121
35681
351949
32994
32705
362221
34369
31777
282059
32961
71843
202024
33601
33729
302347
34497
33665
297643
35393
33153
181542
33729
33665
318667
32897
31905
314091
34593
33601
270666
34241
111972
294827
33313
32353
364077
32706
32577
486002
35233
33665
209704
33250
33634
355276
33346
33281
348044
33857
32130
343468
33154
32705
371886
75491
31233
237257
34529
33601
341644
33090
35201
284235
33569
32353
360877
35009
33506
299723
33921
32161
341612
34817
32833
327147
33729
31361
365293
42945
31169
216232
41762
31713
334188
73667
32065
218440
33985
30273
336908
34177
32513
292299
33633
32641
332204
33602
31137
361710
32737
31649
361709
35553
32897
274250
41730
30529
239177
33377
30017
311051
35906
33281
202215
33473
31841
335436
34689
32546
270922
33505
33153
344397
34913
41026
275658
32834
32993
356492
34721
32705
263786
33441
32353
364429
33378
32193
303243
33345
30881
347436
33153
32513
363950
34273
128900
230825
34114
64418
247945
34210
32866
337069
33730
101956
217960
33762
33857
251593
33729
33057
364045
35009
32801
325707
33761
127109
276202
33377
31393
338316
34561
30658
319403
33921
32258
307179
34146
32705
360461
33665
32065
331917
41569
31233
297739
33505
32577
363278
34849
32642
365165
34946
32385
291754
33441
31649
363374
32353
40449
227464
34145
31969
347980
34241
33473
372973
34849
32994
270601
33249
33441
354957
37025
30977
308843
32865
32418
293003
34113
30721
376494
33761
32065
324651
70050
31137
271658
34754
33441
428272
33313
65859
137445
33698
33185
332140
33345
31905
369645
42465
31425
172871
34465
33089
265449
34337
32161
317643
35393
33154
322059
38498
31105
265386
33793
33217
342700
35041
33921
248585
33794
32673
314988
33538
112740
173191
32577
31969
357389
34626
32481
327564
32961
37121
224424
33538
32961
409487
33057
32706
307467
33441
33762
369965
102948
33282
168038
34082
32481
348685
35777
56738
209351
34977
31745
296171
34209
33473
298667
33762
129573
239433
34433
33313
300235
70498
32353
283914
68707
31745
250313
33314
30689
367021
33282
33377
362125
34689
33441
312043
34721
32866
300202
32705
32865
270538
34049
30913
294987
33090
30721
370222
34017
33601
337356
33473
31586
358253
34113
60962
141925
32962
31617
362701
33505
32545
352173
34433
32386
308971
33602
32545
315660
33410
32961
290155
33602
33089
344621
34722
32642
305100
33377
33249
367533
33858
34017
208263
34273
33985
317676
33826
57922
311627
33058
33474
241673
43714
34753
233673
33122
31233
369038
131045
33057
239689
34178
31681
360589
33089
32737
361262
32865
31393
375406
33889
32737
388975
33793
34081
260361
34689
33441
345772
34017
34210
196135
121028
31681
246281
43073
32193
265482
32897
32577
408143
36449
32353
257514
33537
32833
327756
42786
31169
255049
37089
32929
291819
34977
32929
412495
34754
33025
226632
33249
117444
161926
34178
34049
293067
33537
31937
343949
33825
33153
293450
32961
32769
300491
33697
31457
338604
34881
67907
263881
33569
33409
361965
32705
32961
341292
35457
33729
301547
33602
97828
326220
34049
32065
280042
32513
30881
346669
33729
58914
258666
32769
31073
358509
33377
136325
244105
34145
31681
364045
32993
31841
386702
32801
32546
312587
33314
32161
303212
34689
31041
347469
34434
32481
334540
35521
34018
323499
34625
32897
360269
34401
33121
331148
33794
33185
331853
33697
31457
442416
34337
33697
217640
33185
33217
250505
34401
32609
277226
33601
32033
278218
42273
32801
244393
34754
40065
219880
33409
34529
263370
33922
33025
351501
34305
32513
254089
33313
32641
273578
33633
33313
278219
33057
31265
403503
33569
33057
256490
33761
33057
314956
34081
60738
266186
34050
32802
301771
120740
33985
217800
34433
32417
291530
34465
33505
217512
42433
33346
212615
34081
33378
294507
35329
34369
274506
34945
32865
307500
33569
33601
350637
34434
33665
210056
35329
32193
263754
34145
33153
267978
33537
33249
335596
33185
31137
456593
40833
30721
102788
34050
31233
226665
33409
33281
309931
33601
32833
338220
35489
32001
212104
34881
33025
314476
34274
32897
302123
32865
31041
271914
32801
30850
337964
32161
30497
274538
34113
61059
186375
34274
33537
295307
33217
32161
366349
66338
30689
252393
33729
33058
325132
33921
41249
190535
118500
31617
283627
34786
50753
240105
34050
33154
371438
33697
38913
334060
35169
40258
305259
34146
74083
348908
34593
40450
352877
33921
97667
200807
33697
33345
285194
34145
64450
212040
33345
31169
359725
33601
32865
239561
33314
32225
332364
33441
33122
370638
34658
30881
312843
34626
33729
258250
33825
58882
282922
34402
33249
308971
33985
32866
363533
34561
32577
421967
32417
31073
244328
34081
32705
306123
72931
32097
288234
33633
33473
342125
33857
33889
213160
34881
31490
273065
34370
30913
281291
33986
31681
314571
34497
32449
397134
37825
31585
193639
33281
33377
334252
34369
31521
461616
34753
56226
124645
41921
31169
304907
33857
33729
239817
34626
31489
357069
33057
32673
318348
33537
32769
308139
34497
33025
298411
117380
31361
310891
34882
33186
346860
34657
41762
184103
34881
30817
270602
34593
31873
322828
33185
32673
306315
42817
31169
185990
33154
31905
354381
33761
30849
354572
34977
39585
123300
33473
31649
335340
32577
33889
256905
33793
33313
283338
35041
34337
307563
33697
31265
303339
33762
32321
315915
34049
32897
320108
35362
126661
216584
32705
33409
355309
123045
34177
207080
70883
32290
264265
34753
32929
317260
33889
34081
258761
34626
33505
300715
33953
33473
342221
33314
33506
341676
34626
33153
317900
34626
33793
219912
34561
33569
268297
33473
33249
349005
34850
34465
255145
34561
34081
311532
34113
32065
388270
33985
33377
290730
34497
34017
318828
34497
32289
288747
34049
32513
355308
33378
31521
294603
32738
33505
224360
33441
31137
275114
34594
33121
304107
33025
33025
354829
34689
33217
195399
33761
41602
197639
34497
33026
276362
34145
33377
312331
34465
33249
273962
115684
31457
268138
34306
31713
358413
34370
31265
305291
32545
31074
364397
33857
32353
385966
33185
32130
277674
32929
31489
384750
35073
60578
241705
34241
32225
314764
35169
32641
244649
33954
31393
332716
34497
40961
199879
34433
32289
326540
34690
64898
208840
34530
32705
367406
34561
53346
226889
33889
32481
366893
33665
32705
335277
120421
33793
234665
34529
32961
310955
34177
33282
344396
69859
32673
258185
34945
32610
368877
34689
32481
244009
33537
32673
341229
33601
32705
333100
34977
33601
287786
34306
32673
347789
121829
31105
304587
33313
33729
199527
33953
31745
343661
42913
64578
209512
33410
34242
281099
33666
31201
348301
33857
32257
282730
34689
33953
316683
33634
112196
210088
34081
40130
259369
33761
31809
356845
33921
31809
239785
33186
32225
343085
43138
31490
235848
34401
32417
352301
34337
33057
265513
33313
33281
339660
35905
33441
238281
70531
32865
304619
33826
33058
241064
33057
32577
353517
33665
31937
281035
102020
32802
212135
35073
32481
337004
34273
61698
254825
32513
41377
256650
33570
33057
319212
33409
33121
316812
33185
33089
360877
32993
31969
354572
33665
32673
372781
34433
33217
316588
33410
32706
328012
33697
56258
274538
33377
31809
351181
33281
32482
315403
33473
31841
349356
33537
32897
360205
34369
30561
344332
33506
32513
365198
34209
33345
360013
33761
32385
357229
34369
34561
103747
34369
33857
270506
33473
67362
263338
34338
32354
285386
33154
32481
373934
34274
31137
227080
33313
33154
302923
35074
33249
240521
34081
32610
335052
33697
32481
205256
34177
32194
333516
33825
32673
368461
34466
32098
259082
34242
30530
331116
34817
31745
317356
34849
116069
164165
58435
30689
297515
33761
32514
360173
34433
32994
287306
33826
32481
320844
33314
32833
369582
33057
31873
345580
33345
60130
237800
34242
31585
296875
33538
33281
339949
42274
31169
237897
34305
31266
386702
34273
30721
308491
33857
32545
358125
32865
33025
361037
120132
33633
238569
34273
32801
417775
33409
33282
277354
62723
33089
289803
33633
31617
373453
40193
33570
190887
34721
32641
373581
34497
33153
229065
33825
32449
336428
33442
31809
428368
33858
34145
126405
33857
32801
350541
33538
33313
312523
33153
33282
250921
33345
32257
350988
38818
29985
263306
33345
32545
296235
34177
32321
332749
32961
33313
402446
34817
32834
258730
42786
31361
107972
34530
32609
314283
33249
33601
370830
34049
32321
336524
34146
31810
433456
34369
31169
230025
35393
33473
290346
34369
31810
325132
33537
32642
424879
32769
31202
303243
115716
33538
278186
33025
32161
349229
43362
32705
288683
33858
62563
255210
33089
32097
372045
33857
32226
408750
32993
32001
327436
34402
31937
276266
33089
33313
357677
34946
32833
321324
33217
33506
309995
34273
32481
282762
34625
32833
356877
33889
32577
363501
33697
35905
259785
32769
32513
367694
34530
33089
324332
33538
32898
330188
33921
33761
226312
33986
32834
349420
41890
69059
115780
32993
31073
357421
33537
62210
310955
33345
32450
297611
33313
31265
443120
33954
32641
256618
33537
32129
362285
33153
39842
195655
33793
31425
367501
33282
31873
295658
34145
31617
354573
33922
31265
350413
33665
31202
359469
34273
31393
218280
33538
32449
353964
33473
32225
341420
34177
31713
337420
34433
32705
222472
34209
32481
186663
43233
31521
259305
33249
32193
338156
38146
32034
244841
34145
33409
293611
35137
31393
266634
34081
33442
346732
43234
30913
152518
33857
31457
335116
32129
128165
256297
33665
32577
320300
34209
30657
408207
34881
41857
168390
33057
31297
358221
34209
31521
370222
34241
32481
294411
33985
32033
370350
33441
32961
416271
33601
31137
244329
33858
30689
328300
34881
32897
336365
34466
32770
270505
33633
61666
292618
33441
32577
366413
33954
98787
263082
33889
31841
292171
40994
31682
267337
33121
31105
309068
35265
33409
308331
42914
33409
270058
32930
32929
328556
33442
35745
248297
33665
33697
338028
33441
32737
348621
34081
32929
303723
33473
31585
341069
32962
33505
338220
33857
33473
257065
42401
33633
233961
34113
33953
267018
34433
57026
237545
33569
32801
386638
35329
118117
235849
34593
31745
314987
42370
31361
269481
32737
30785
371310
34529
33025
288426
35009
31905
317612
35362
33409
274602
35393
32865
318092
40513
68418
244201
33761
33665
269450
33730
31137
368046
33249
30977
374670
33217
33089
313419
34433
33057
353580
42914
31458
186214
39713
30785
255146
34530
32673
324044
33442
32929
343277
34882
32865
305899
116837
31649
257097
33185
32513
357165
32866
31681
298251
32609
31073
292970
40226
32482
240713
33217
