116836
40194
32193
29729
27553
26369
25985
25409
25729
25249
1603130
27777
27457
4492899
27105
26657
4673642
27905
27041
4294941
27841
25953
4663914
36321
24577
4344063
32802
29474
4451330
36929
35393
4434178
42977
28417
4401793
39873
29505
4311773
46434
43873
4352703
43874
36705
4302077
52578
40738
4074868
59458
54178
3978577
46850
42754
4265244
49250
46145
4198233
49634
47874
4181369
53090
50498
4118230
53154
50082
4111926
54946
51266
4087509
53410
50562
4111254
52066
48769
4155767
50914
47841
4173560
50882
48673
4151000
51458
51265
4119126
52642
52226
3988625
52546
51842
4160119
54754
49090
4093525
53346
74754
4096502
54786
49762
4127159
51426
51938
4154136
51202
48673
4168056
53346
102308
4049940
52706
49538
4144599
51874
49282
4194649
52194
49442
4125431
52418
48865
4140375
53730
50274
4069717
52066
51874
4145303
51522
49826
4171992
51362
84195
4056884
53570
50338
4165432
53698
50626
4179096
52066
50402
4146359
51810
86179
4060980
52386
49857
4155991
56226
50754
4158263
51906
49409
4119062
51618
83043
4069845
53954
51778
4140887
51618
50370
4073589
52130
49826
4167288
50849
78755
4052980
52514
52738
4112181
51394
50978
4162264
51362
51682
4156504
51650
91460
4040820
50978
52770
4126135
52834
51938
4108374
49666
52066
4142519
51938
49506
4131895
52513
53794
4136823
52450
49762
4169240
52418
49505
4177720
53570
82371
4040883
51362
49826
4163896
51778
52898
4085141
49858
51618
4110838
51650
49537
4143255
51234
48897
4158232
50914
52322
4120598
51234
52194
4130231
52482
84771
4073045
51362
49506
4175544
51618
49314
4168376
51586
51266
4081365
54178
48705
4152344
52962
49538
4119862
52898
49506
4131095
52578
49665
4132598
51362
83587
4043411
52514
50242
4143287
50722
48738
4172664
51522
50210
4156791
50370
49762
4125271
53122
47842
4198521
54274
50754
4076917
53570
49730
4166296
52738
48962
4163224
52322
49122
4169688
51554
51138
4171704
51106
49538
4180088
51682
50465
4130710
51330
49186
4166936
51970
51234
4163320
50658
49442
4187256
53153
51618
4148344
51810
48418
4170296
51618
49538
4189752
51009
48706
4190649
52130
78723
4077877
55394
48513
4027859
53122
49986
4160376
51746
49250
4187801
51810
52033
4128118
50914
51682
4158072
50850
51330
4180600
52737
51650
4170552
51106
49090
4150391
52130
50850
4174456
51490
49954
4182648
52866
48962
4189209
52578
50882
4147063
51746
52450
4166520
50978
49730
4183288
52226
49730
4163128
51906
48546
4166232
51810
49762
4151480
51010
48994
4192089
51522
48737
4160216
51650
49474
4127830
52322
49186
4161784
52386
49729
4106422
52866
50306
4167192
52450
52450
4151607
53410
49090
4161911
51138
49378
4107253
51522
49762
4136631
51490
49026
4129302
53058
49826
4155864
51682
51746
4166168
50466
50402
4184600
51617
49570
4147895
51810
51586
4172312
51330
50178
4194041
55746
51265
4055475
51202
52674
4402720
61378
52866
3770921
54274
56803
4149271
54434
52802
4078005
52738
51426
4125398
52002
48290
4139159
51554
50978
4169464
51970
48802
4179576
52386
48194
4142743
52098
50081
4093653
55586
48001
4161559
51393
51394
4177880
51970
49506
4114710
54242
49314
4090069
53474
50530
4174008
51586
49250
4112822
52418
87491
4087221
52802
50530
4170936
52930
50082
4189817
51970
48994
4126135
51297
47618
4119926
52322
50785
4174969
51746
48257
4197561
51457
49602
4183033
50850
48385
4147383
52930
49858
4139607
51170
50977
4188729
52962
49090
4186873
52930
49442
4147992
52514
49570
4183832
53186
49538
4176344
51330
52866
4165688
51234
50338
4125078
53506
47810
4162328
50690
50466
4085653
54018
51106
4183416
52450
50978
4141719
52386
52258
4160024
53154
49154
4182936
52578
49954
4199321
53794
49122
4036051
51906
49858
4166200
52834
51650
4180760
52546
48322
4161560
54370
49026
4150839
53634
49570
4159160
52066
48930
4190713
50050
49218
4184536
56674
50690
4011922
54145
49986
4148599
54498
50754
4083509
52865
49986
4170680
51746
49986
4119286
53442
48930
4126998
52993
50370
4165976
43138
51585
4204313
52930
50242
4115894
52130
49890
4158711
51426
51074
4164888
52066
50178
4169688
51393
50338
4151031
51842
50210
4087733
52674
50466
4171672
52642
48450
4174489
52738
48770
4123574
53314
49378
4085557
51138
49218
4182681
51490
50625
4177688
51458
50689
4143223
51265
49922
4168216
52578
50946
4174297
52226
51234
4176600
52514
74339
4118102
53570
50274
4169048
52738
49730
4173176
51777
50850
4176696
52994
49730
4132759
52546
50178
4142679
52194
50210
4177464
53858
49538
4150552
53826
50562
4143127
51202
50338
4163447
51970
51330
4158808
51586
50338
4169400
51458
49442
4154423
51266
49986
4168152
50754
49922
4182488
52130
51074
4169528
52258
49570
4145303
52674
48834
4147639
53282
52386
4072693
53122
49474
4074901
54370
83235
4098102
53154
51233
4162648
52994
52417
4143351
53890
52194
4114710
54082
80611
4091733
52738
49826
4162840
52674
50722
4166136
52578
51714
4138390
52002
47874
4130039
53410
50114
4175544
51266
51266
4171224
52418
51137
4166424
53090
50978
4149591
52226
51234
4144343
51874
49954
4185977
53730
51362
4158968
50754
74115
4151736
52706
50306
4147416
52418
49505
4179897
52322
49922
4179640
53730
48130
4137558
49826
49986
4182713
51426
50050
4183960
53602
49858
4001362
52322
83203
4117206
50658
51490
4176440
50626
49570
4169432
52802
51010
4155800
50978
55458
4050932
52002
48162
4168216
52802
49154
4112406
50658
50530
4167512
51042
53026
4034515
52866
50754
4140727
52609
50018
4169784
55394
49090
4116758
53570
79459
4126966
53186
49570
4169112
52002
50594
4177720
51106
49154
4182297
51042
49410
4165304
52418
50658
4123798
51010
49794
4168248
52162
48865
4184793
49986
51170
4150231
53538
50754
4161656
52130
49314
4173912
52290
50338
4181624
52450
51810
4073108
51970
50178
4178584
52194
50530
4171544
52385
48162
4177816
53506
49474
4150487
51394
50082
4170616
51714
50785
4171929
53186
50850
4164760
52130
84516
4115766
53346
50178
4162296
52578
49378
4160856
52578
52418
4131286
52514
50434
4138807
53058
49218
4183864
51618
49986
4113846
54146
49634
4185017
51042
51490
4156792
52642
49026
4160983
52386
50818
4145624
51554
49570
4174584
52034
51714
3999922
53794
51553
4168664
51842
49058
4183609
51746
49954
4169880
52642
82179
4110613
53346
50146
4045236
52162
49730
4175384
53730
50210
4161976
53058
76610
4107318
53506
50882
4132055
53826
49313
4166360
51458
49121
4175769
51202
49089
4155607
52034
48930
4174968
50850
51298
4117207
51458
49122
4181976
53058
78722
4093205
51618
52129
4145175
51105
48258
4168920
51297
52194
4155608
51298
74339
4120503
52354
50114
4177976
51330
50690
4148184
51234
48802
4162008
52834
81859
4091317
51714
50273
4165592
51938
50786
4150231
51362
50754
4139703
51458
76067
4140983
51618
49026
4167896
52930
50850
4077236
52034
50434
4102805
50242
71779
4148599
52034
50082
4168024
53794
49218
4173240
52034
51810
4101814
51393
79971
4076501
51234
50818
4157175
53058
51586
4141816
51554
49698
4174712
52161
50018
4015538
52194
49281
4178296
52514
51490
4132887
52641
49922
4137495
53697
70499
4147319
52066
49122
4169592
53250
51234
4108534
52418
52418
4134070
54178
74754
4158904
53314
50082
4099221
51362
51009
4171097
51906
49442
4178616
53506
51650
4041171
51810
48609
4174360
53090
51074
4104918
52450
50882
4123926
51682
85347
4130870
52194
50562
4169080
52802
49025
4154167
50882
50562
4173112
51170
75075
4148504
53986
49666
4180856
51362
47714
4180728
51618
47970
4186009
51810
73795
4139799
52322
51906
4178329
51938
49730
4152088
52610
51810
4169112
51074
50978
4166360
52290
50082
4162040
51714
49154
4171224
51842
51457
4134934
52354
51554
4097717
51042
51042
4198265
51618
50210
4165688
51906
51138
4154520
52258
71234
4152920
50561
49858
4180313
52738
50242
4160440
51042
51106
4105877
52770
85475
4116182
52706
49890
4161720
51906
50785
4185401
52610
51586
4153559
52226
55426
4031955
51298
48930
4160152
52322
51426
4183288
52098
50018
4138903
53250
81635
4102454
52098
49474
4176057
52610
49474
4117046
53442
50306
4126551
52098
84739
4081525
53058
52194
4146360
51682
48737
4148567
52353
50626
4170008
51106
83075
4122518
52257
48930
4158200
52194
51074
4164888
51458
50626
4150391
50882
73347
4123095
52610
52098
4166040
51650
49730
4120534
52770
49313
4173272
50594
53890
4023987
52898
51778
4150103
51074
49538
4186105
53058
49153
4157432
51938
82915
4122102
52354
50082
4180313
51554
49441
4181624
52290
49537
4166168
52482
75171
4127127
51778
48578
4176856
51074
50786
4181016
51202
48994
4169144
50946
83011
4145847
52129
50434
4154776
52866
52674
4150680
52002
50561
4176376
52226
79171
4135959
52418
51425
4173145
51394
49345
4157175
53602
51010
4150615
51970
73442
4144567
52482
50338
4167992
51394
49634
4112918
52450
48641
4166039
51170
83363
4109238
52706
50882
4093109
53634
52034
4149144
52610
50018
4166328
53218
50690
4018611
52898
49665
4142519
52738
49890
4159352
53954
51010
4170104
53890
72579
4148023
51650
50081
4182456
52642
50626
4173720
51490
49666
4189369
53122
81315
4073429
52610
48866
4150487
51874
49761
4163032
53250
51234
4174936
51810
82595
4130743
52034
51106
4185657
51586
50338
4100118
52770
50050
4167032
50658
72835
4143447
52098
48706
4192921
52802
52098
4152183
50146
50082
4161847
51170
85924
4140471
51458
51650
4180792
51970
55394
4103861
53186
52130
4173945
51458
76611
4149496
52386
51586
4170520
51458
51714
4183289
50754
50338
4173912
52226
76291
4131126
52802
49249
4171128
51906
50050
4136823
50850
48642
4192825
52354
83427
4131159
52674
48802
4165976
51266
50274
4156376
52034
50786
4160632
53153
80131
4119831
52066
49314
4165208
51330
50818
4182456
51170
50754
4175096
52834
69507
4143991
53634
52674
4165752
50946
49218
4172600
52194
50434
4174488
50465
86531
4117878
51906
49762
4172824
50434
49506
4185784
51490
50658
4085845
50658
78787
4132246
51362
50178
4183000
50626
50785
4165239
51458
50178
4192185
52289
77955
4134711
54146
50306
4051092
51522
50242
4176312
52162
51554
4152151
52930
52898
4098549
53858
50338
4175800
53346
49922
4158232
51425
49954
4177944
51554
79811
4129174
52898
50626
4147351
51778
50562
4167576
51682
50338
4187417
52641
81155
4126327
53154
50434
4168632
52098
51009
4176921
52066
50754
4185848
52546
65058
4106229
50946
48449
4138326
51426
54338
4162168
53282
49538
4142711
51266
51202
4041555
50850
48674
4180984
51362
48578
4182456
52066
50337
4165655
52322
77347
4137815
52930
50626
4170584
50978
50722
4168792
51266
50722
4181688
52098
86531
4124982
54402
50785
4165368
52002
51618
4190553
53410
51298
4146967
52034
62691
4069076
52706
50466
4123895
51010
50498
4178872
52002
50625
4176025
52514
83875
4128471
53378
51074
4164056
52514
51522
4166327
52514
51010
4174168
51745
61634
4105942
51521
49218
4180152
52706
51106
4163416
51490
49474
4172696
51778
86531
4125814
52354
50530
4110422
51202
51842
4161784
51746
49762
4184281
52450
59746
4125622
51202
50146
4179896
52866
48802
4145911
52546
50946
4161528
51586
63426
4103510
51329
50306
4170712
50978
49922
4188857
52322
50562
4159735
52322
58690
4115574
55586
51970
4162808
51298
50594
4177080
52289
50082
4175896
53794
50434
3963729
52450
50626
4170872
53218
50850
4151640
52258
49986
4161784
53154
86691
4130295
53186
49698
4169560
52418
49825
4172248
52482
50722
4155544
52033
59811
4113942
51970
49505
4176824
53442
51681
4095221
52866
49985
4154167
52258
51362
4102165
52674
49442
4158904
51778
48930
4186776
51138
51233
4165175
51746
87107
4136439
53538
50114
4167160
52034
50914
4185273
52130
50210
4123382
52289
54914
4096086
52450
51425
4167127
51042
50626
4164760
52482
50434
4175032
51458
74179
4140439
53858
50338
4162904
52034
49154
4154487
50786
49378
4188120
51970
90211
4128951
51618
50914
4170264
51489
50434
4184569
52194
50114
4163096
51554
81699
4136087
51074
49666
4185944
51938
50210
4165592
51650
52130
4106742
52162
61410
4140183
51810
50562
4144791
53442
50242
4175640
52898
50146
4169624
52034
87747
4131414
53506
51106
4167032
51490
52098
4176952
52546
51138
4167064
52578
62754
4125943
51297
49794
4170872
52578
49666
4152055
52098
51041
4176057
51330
74146
4152855
52322
50434
4160375
50530
50338
4169432
51521
49218
4160088
52257
86403
4135926
51906
49538
4167704
51554
49538
4159000
51234
50754
4174488
52161
52866
4117302
51842
49730
4155447
52129
51426
4171544
51874
50338
4186937
49282
55778
4069172
52386
51010
4157399
51330
49890
4129367
52098
50370
4169208
53121
51778
4009203
52258
49698
4134327
50722
50114
4171384
52610
49826
4177624
52898
53122
4135894
51394
48802
4171512
51426
50945
4166552
52354
50369
4169656
50914
57218
4148759
52642
50370
4158455
50082
51074
4154360
51298
48706
4173624
52290
60098
4138711
51874
51170
4178073
51521
50562
4164248
51842
49825
4161592
50753
82947
4147127
50882
50274
4174744
51490
51042
4171160
51810
48674
4160952
52386
49698
4138999
51970
51810
4111158
51842
50465
4165399
52418
50242
4158232
51649
51874
4136119
52769
49378
4176409
51010
49281
4178521
51074
48641
4153303
50722
52514
4135095
51202
49025
4182969
50818
50050
4170136
52002
50562
4152503
50978
55810
4146616
51554
50434
4171064
51714
49889
4173945
51778
51298
4154040
50466
51330
4121526
51010
49569
4173688
52866
49954
4147543
51042
50978
4176792
50593
54178
4145687
51970
50274
4178265
52738
51874
4163160
51938
50338
4149976
52642
52162
4105237
51362
49250
4175576
52930
51586
4085109
51554
50914
4158808
50626
63554
4096918
50626
50658
4175000
50498
50018
4185369
51777
51074
4165112
51586
62339
4120758
53250
50338
4143095
52066
50786
4163992
51618
48641
4190680
53154
51266
4134582
52322
48866
4169400
51906
50018
4169976
52418
50306
4165816
52482
55586
4126295
52674
49794
4152727
51489
51362
4178457
52322
50466
4174680
52354
50914
4141591
52866
49538
4124343
51201
52193
4121302
51394
49154
4172184
52226
53602
4149559
51778
50434
4168408
51714
50242
4149719
54722
50914
3973137
52674
62307
4107318
52162
51586
4155863
51041
48930
4114966
52289
51266
4142487
53186
50049
4117302
52258
50274
4161464
53474
49217
4174649
51330
49954
4127510
52546
48033
4130838
52514
50594
4145112
50466
48866
4169528
52290
49698
4181304
51874
48706
4127926
51490
49378
4170744
51490
51970
4180536
52162
49442
4128279
51010
58498
4086421
52258
48226
4146615
51362
49218
4165784
51330
47906
4152951
52194
56674
4136951
51362
51170
4173785
50402
47809
4123991
51266
48610
4170008
50849
50498
4068564
51042
50529
4183672
51937
49890
4161111
52738
50146
4161399
51746
59298
4121750
54466
49986
4125591
52194
50946
4145815
52321
50338
4186713
53698
51042
4144247
51522
49953
4138870
52834
49762
4157208
51810
49698
4168760
51777
50722
4106902
52514
49826
4172600
53858
49538
4142583
52642
48066
4113430
51074
51682
4148663
51266
50498
4131095
50818
49666
4177496
51682
50306
4189433
52514
50626
4118646
51906
50850
4165688
52514
48866
4120343
51938
49442
4128855
51266
63522
4138167
51585
49601
4111029
51234
50306
4174264
51746
50402
4174712
50465
51074
4125718
51298
49697
4176057
50850
49506
4177528
51681
50114
4180793
52450
49730
4100854
50401
49826
4168088
51554
49186
4175032
52706
50017
4172760
52226
56834
4116534
52450
50849
4139351
51234
50721
4116118
50626
50050
4182456
52001
56898
4122934
52258
50465
4171608
52290
49890
4167320
52001
51522
4171993
51586
54690
4141271
52578
52066
4134103
52450
50657
4163575
52386
48994
4184601
50082
56834
4126231
51329
49730
4171000
52994
52514
4088886
53186
50050
4163832
51266
50210
4145815
52674
51330
4021459
53122
50594
4168600
51394
49474
4182360
53442
56578
4099926
53250
50498
4167544
52769
51906
4164440
52386
48450
4180921
51810
52354
4137271
51106
48962
4165880
51329
51330
4184185
51490
51234
4174168
52098
49858
4090037
51649
50050
4172856
52770
49890
4184505
49954
50626
4181176
52546
50434
4147159
52386
50562
4157784
51810
50338
4114774
52194
49602
4166296
51522
63171
4110390
52802
50306
4122454
52034
49602
4177496
52546
51138
4050772
51298
50242
4122839
51138
50306
4122934
51618
48290
4170200
52770
49345
4185336
53538
52930
4127574
51170
49570
4151032
52322
50177
4127223
52002
50786
4171544
50977
54242
4141463
52546
49793
4182136
52066
49698
4186009
52546
48834
4161304
51138
49441
4144023
52066
50978
4171544
51330
49250
4159800
53890
49442
4170200
52866
51201
4140727
51938
49858
4175449
51746
50209
4121910
52802
51137
4161944
51394
50626
4126454
52898
50082
4160056
53058
49314
4188568
52962
50786
4135863
51969
52354
3839468
52866
50754
4112150
51522
50369
4169304
51938
49473
4187385
51585
57634
4120054
51937
50210
4138807
52706
50818
4171672
51842
49090
4175288
50754
55138
4121046
51554
49825
4173656
51426
50242
4144855
50338
50530
4132022
51650
50050
4127222
51938
50594
4173528
51681
51266
4171864
51586
50754
4164376
52450
60802
4141047
51234
49474
4171160
51682
50658
4176505
51074
49250
4179192
52450
62946
4109974
51746
50305
4169464
52450
50529
4187064
51905
50082
4111350
51297
56098
4144119
52066
51106
4112950
52098
49762
4183224
52290
49538
4133751
51906
62498
4078805
50849
50497
4162936
53410
49729
4141591
51266
50370
4125047
52162
51682
4064116
51810
50786
4170009
50690
50241
4184344
51842
49346
4155255
52098
51970
4136150
51874
49602
4133463
51458
49922
4168856
52834
50626
4021522
55362
51426
4098326
52065
50754
4139543
52226
50370
4161847
53794
50529
4150200
52066
53698
4131415
52258
50306
4169560
51586
49602
4164888
52962
50498
4170872
50146
49954
4151767
52130
49826
4181977
51042
49794
4088693
51778
51073
4167320
51874
56418
4102582
51202
50530
4170520
52066
50786
4173912
52290
50850
4166296
52450
62946
4113110
52034
50338
4177560
50818
50914
4171864
52578
51362
4142615
51746
63906
4129303
52450
48962
4193785
51010
51266
4177368
52002
50082
4139255
52322
50754
4129750
53410
51266
4162584
50914
49794
4177592
52386
50466
4123094
52642
63490
4126455
51490
50945
4187864
51618
51330
4163127
52706
49314
4167736
52130
51266
4137367
52130
49473
4193273
51458
52706
4169400
53121
49697
4108213
52354
50338
4114038
51810
49986
4172152
51746
51202
4134391
52162
48738
4179704
51202
50274
4125655
52706
50786
4164376
51010
49826
4181721
52674
49410
4161464
50530
50849
4124246
53986
50210
4103861
51522
49250
4175545
51074
49761
4177208
50082
50402
4119414
52034
50754
4159063
49762
50402
4175128
51746
50658
4178040
52322
56578
4136534
53058
50690
4166904
52418
50210
4183576
53698
50786
4133975
53250
50786
4135319
52130
49762
4154167
51874
50082
4159607
51585
50050
4187097
51361
50978
4081237
52705
50466
4153272
53858
50626
4171672
52610
51490
4160600
52769
65090
4109590
51746
49506
4166776
51682
51042
4174648
51490
51202
4153655
52706
49761
4144760
51330
50082
4169272
50594
50882
4155863
51938
50754
4169464
52417
51714
4135223
51362
49314
4174168
51554
50882
4129207
50274
50242
4167480
51298
50274
4144887
51553
50242
4189497
52322
51490
4128503
50817
49570
4169848
51458
48705
4135062
51074
49826
4173080
51938
50146
4176184
51425
51170
4177401
53089
51202
4099702
52450
48834
4111350
51138
50145
4169432
52514
50977
4147832
50978
64450
4135831
51074
48930
4187384
50722
49985
4183673
53378
49218
4161496
51362
56290
4124278
52930
51778
4041204
52418
49954
4146711
51425
50434
4171865
53314
56066
4115126
54626
50210
4051956
54178
50530
4164055
51714
50530
4173305
52066
50466
4110838
51586
50498
4180696
52161
52033
4148280
52002
51074
4168248
51266
51490
4133463
55170
53634
4163480
52226
48930
4161112
51042
50337
4184664
52034
56642
4145943
54210
50402
4167160
52834
48578
4058548
51618
49473
4169336
51042
52706
4133399
51778
50626
4175064
51682
50274
4160759
50946
49665
4182585
52322
50978
4142295
53378
50626
4173784
52578
49794
4182969
52066
49826
4154359
52482
50178
4140215
50978
50818
4179001
51522
50849
4157560
52034
50850
4175833
50210
62850
4118359
52322
51074
4167992
52962
52097
4166776
51394
50594
4142327
52162
50722
4147543
53026
50722
4164952
53122
51297
4172728
51554
48738
4178296
54850
52130
4136438
51138
50305
4172441
55203
49953
4156280
54274
51458
4099893
52482
51746
4121239
50850
50626
4178936
52610
49826
4167480
52962
49217
4176857
51490
63619
4110454
52482
50210
4177304
50658
49922
4176632
53410
53090
4183577
51394
55010
4078612
51458
51521
4161687
51554
52866
4147639
54530
49634
4164056
51458
56002
4119190
51874
49729
4174649
54466
50850
4171608
51682
49698
4165527
51810
61090
4116310
51586
48545
4093173
52194
50082
4187385
52098
51106
4166104
51234
55362
4125879
52002
49922
4181752
52610
49314
4141623
52130
50850
4174648
54658
50594
4049107
52930
48674
4161336
51682
49825
4180409
51970
49922
4154423
52258
50465
4132022
53954
50626
4181944
51522
50722
4170008
51106
50466
4168600
51778
51745
4150775
51554
51873
4154231
52513
51234
4172184
51394
51938
4164760
50977
51841
4129623
51841
50530
4172888
53026
50113
4176409
50434
48962
4175128
50338
50818
4133079
52674
50722
4175545
50977
49794
4180569
54338
50978
4011475
51618
51906
4137815
56227
50626
3996818
53026
49537
4138007
52866
50626
4132919
51970
50402
4112726
53026
50466
4059284
50594
50370
4136599
51874
50786
4157848
51841
49634
4127766
53218
49314
4094422
52322
49218
4160312
52097
49378
4168568
51746
49794
4123542
52898
49602
4161048
52290
49922
4153879
52290
50241
4170905
51682
57474
4121399
52866
51074
4153655
54114
50017
4166327
52577
50210
4158392
50593
50530
4125719
52930
49378
4162775
51106
50562
4165272
53666
51297
4125750
51330
50818
4129142
52866
50210
4136951
51617
49378
4158008
50209
49506
4173912
51778
64899
4105653
51170
51042
4100022
53346
49506
4151959
52002
49538
4160184
52354
51266
4128375
52066
49345
4161976
52226
49538
4167288
51810
50466
4154840
51937
50401
4132119
51746
50146
4145335
51298
49377
4125910
52289
50114
4167512
50370
50562
4132438
52033
49890
4156120
52098
49314
4145847
51970
49986
4153463
52482
49762
4075989
53186
49346
4146999
52002
50274
4165175
51778
49890
4200505
54146
50914
4013586
51970
49762
4152247
52002
50498
4174072
50722
50914
4148695
51234
53346
4117942
52386
51234
4155704
53282
49857
4072245
53282
50337
4164983
52034
51810
4091285
52258
51041
4121622
52002
49954
4143863
50562
51362
4146711
53122
49857
4091605
51618
51202
4129302
52257
49154
4153240
52162
50529
4151255
52354
51682
4091221
51457
51521
4141687
52002
52898
4134903
52225
51649
4153559
51586
59170
4117046
52258
49122
4162104
51554
50338
4156599
51330
49089
4176057
52418
51746
4099062
52674
50402
4149879
51586
48354
4149719
51746
50210
4149112
52514
49186
4087157
52225
51362
4115702
51874
48898
4154264
52450
50338
4066068
51649
53218
4130902
53346
50914
4126167
51618
50082
4131063
52002
49922
4174265
52770
51554
4092693
54498
51010
4144663
52226
50786
4178649
53218
50466
4153208
52642
49442
4078645
52161
49090
4167192
51586
49793
4169208
51234
51266
4173304
51618
53506
4134327
53122
49634
4159256
51682
49346
4165304
51714
49410
4174712
51009
49250
4153495
52610
49602
4154968
51970
48962
4172280
50786
49506
4172824
52514
58082
4129815
51394
50786
4161912
51682
50306
4164247
51650
51170
4094550
52674
51938
4124983
51746
49218
4162999
51234
50210
4171864
52930
50498
4162872
52450
55202
4129686
52546
49570
4148600
51810
49634
4169208
52258
49154
4173432
52098
63490
4122903
51842
49154
4165816
51714
49826
4157463
51522
48642
4156216
50498
49858
4128983
51682
49345
4163640
52034
49666
4168216
50850
49890
4167352
51874
50274
4145911
53058
49730
4158040
53474
50562
4135639
51106
49570
4173624
50882
51297
4138198
51938
50562
4164504
51938
49346
4171128
52546
50274
4154647
51330
50882
4051284
51618
50081
4159127
52482
49794
4175448
51938
50402
4152280
52738
50114
4145815
51906
50082
4158135
50114
48866
4170456
51138
50242
4174360
52193
50530
4139191
51426
49442
4166616
51746
49666
4168792
52034
50882
4166744
52898
51074
4132150
51138
49698
4159544
50946
49794
4169080
51106
49538
4182521
52130
49282
4077269
52193
48386
4163256
54562
49634
4163800
53090
49441
4148792
52898
56866
4130935
52866
50658
4164696
52194
50818
4152152
52770
52770
4080693
50946
50178
4117782
52545
49665
4097589
52354
50657
4164952
52290
50497
4108117
51074
48705
4142007
51617
48833
4159256
51202
49442
4167288
52546
48546
4165912
51650
51522
4123639
51169
49634
4177241
52034
50082
4151704
50754
49538
4176856
56066
52610
4019730
52578
50594
4158263
53794
49954
4068629
53506
49474
4160504
52802
48930
4146647
51874
48482
4164760
52546
48674
4166936
51746
48897
4172697
51810
51778
4132727
53602
49537
4158007
51714
48130
4161175
53122
47586
4172856
52002
48962
4154967
52162
52834
4074004
52449
51393
4145623
52353
49121
4152023
54786
49249
4134518
52738
48066
4165912
50946
49762
4168440
52130
48577
4164471
51106
50050
4140087
51746
50786
4156984
50881
49058
4171672
50722
50402
4166520
51426
49346
4138007
50658
49282
4157687
51810
49058
4166296
51490
49250
4172408
50818
49378
4154007
52194
49026
4161559
50882
49538
4169912
51937
49090
4171352
51810
49346
4123766
52194
48642
4163640
51650
48770
4171896
51106
48225
4168568
51842
49154
4138583
52802
50082
4178392
52674
48450
4094421
52098
49250
4177209
50050
49250
4154871
52257
49538
4172824
51330
50369
4175289
51426
48834
4177816
51906
52002
4129718
51682
48097
4173657
52866
50914
4156632
53538
50466
4156023
51138
50978
4144279
53954
50402
4172312
53026
49441
4160248
52386
49442
4173880
51810
48290
4156472
49857
49634
4167992
49889
49538
4181465
51970
48930
4172440
52161
48738
4137495
51074
49506
4159671
52610
49794
4168088
51618
49858
4181496
52994
50145
4132054
51938
48322
4167832
51841
48130
4167704
52290
51106
4090805
52194
48641
4146520
51074
49089
4128055
50562
49089
4160727
51458
49249
4172121
51970
50242
4107510
52098
48706
4164152
52354
49154
4172953
50114
48642
4179032
51777
49537
4130871
52609
48866
4173625
51874
48034
4175544
51874
48290
4172632
50914
49537
4144440
51202
49666
4166648
53858
49314
4174648
50849
48386
4179864
51842
48098
4135063
50690
48898
4181496
51585
48738
4171480
52258
48962
4160312
51746
51170
4142487
51586
48514
4174936
50561
48834
4187833
52386
50658
4104310
52066
48929
4137015
52514
48546
4171608
50466
48897
4185977
51362
48546
4183384
51330
50530
4148600
53602
48674
4165688
52546
49826
4179192
52898
49410
4183801
51458
50338
4140535
51202
48962
4175160
51746
50082
4163288
51554
48962
4156600
55138
51362
4054388
51970
49858
4153048
53410
49410
4163064
51713
48514
4162488
52417
50978
4133366
53026
50434
4160408
50882
49762
4169912
53922
48801
4166423
51170
49954
4132823
52098
48450
4162168
51394
48641
4166360
51138
48545
4173625
52418
49505
4074581
51778
48418
4172152
51874
48514
4170648
51938
48578
4175064
51810
49570
4113494
52258
49218
4150712
52194
48642
4169016
50146
50882
4173720
51778
49665
4136118
52322
48450
4175512
52674
49410
4169016
52898
48418
4159991
51362
49282
4149047
50722
48674
4173720
52418
49890
4165016
51362
48673
4180857
52130
49250
4106998
51874
49314
4165048
52162
48962
4162904
53122
49922
4171288
52417
49057
4134039
53058
49250
4162200
51778
49698
4169976
51393
48930
4178872
51682
48385
4144888
51873
49442
4109238
53186
49601
4167416
51618
50242
4160184
51458
49922
4106358
52354
48258
4158487
52130
48834
4159096
52706
48738
4159160
52354
49473
4133783
53506
48481
4171801
51682
49410
4162424
50850
48834
4155735
51810
49378
4148119
52770
49954
4156664
53442
48066
4165272
51361
48354
4179896
52066
48930
4133079
52994
49122
4167384
51457
50210
4174968
51330
48706
4170712
50498
50050
4147639
52994
48226
4180792
52482
49474
4168984
51138
48770
4177400
52258
48738
4146391
51906
51266
4094998
53346
49378
4164536
52354
49122
4177560
52130
49762
4132439
52290
49090
4174104
51234
49026
4175576
52386
49410
4177337
52770
49282
4105782
51906
47490
4177208
52418
47810
4177080
52802
48738
4182137
51362
48129
4160504
52098
47874
4170808
52258
49122
4169112
51458
48642
4178680
51458
49730
4114934
50850
48450
4165176
50786
47970
4177496
51362
48577
4166840
51714
49345
4144792
52098
48610
4166744
52066
48706
4180505
53602
47906
4102070
52578
50114
4142743
52450
49090
4163768
52418
48546
4044500
51074
48578
4174008
51969
50210
4120982
51810
47777
4170360
51618
48610
4166904
53858
49890
4167384
51330
50018
4145623
52066
48994
4174296
52450
49250
4179768
51201
49602
4173400
52130
49090
4141655
51650
48322
4173048
51682
48290
4174520
51362
48354
4170968
53826
50082
4115574
52066
48193
4166647
52354
48193
4173720
51298
48578
4171896
51266
50370
4118966
52034
49569
4147960
51074
48738
4167608
51362
48802
4177624
51938
50626
4145336
52514
47585
4159448
51522
50434
4173496
51458
49794
4100214
49634
49474
4139383
52098
49122
4172984
51169
49346
4176888
52514
49442
4176984
52450
48962
4145047
52770
48865
4170744
53250
49154
4156184
52738
47202
4179608
51682
49154
4144567
52194
48674
4170296
51554
47810
4169016
50849
48674
4172216
51362
49058
4141847
51202
48514
4181240
52450
49089
4161848
52418
49698
4167000
51106
48258
4126071
52642
48417
4171352
52097
49313
4146136
52674
48738
4168376
51362
47522
4153879
52226
49410
4157048
54082
49058
4162968
53282
50658
4076436
51394
49090
4120471
52162
48674
4161080
52354
50306
4171640
51490
48930
4164120
51298
49794
4135287
51714
48066
4177400
51074
48386
4182424
51458
48674
4183225
50626
48450
4146487
52482
49442
4171000
52546
48962
4169400
51906
49121
4185593
51649
49697
4137398
53314
49346
4167000
52034
49890
4171352
53538
50274
4092821
50946
50050
4138839
52770
49218
4160888
52193
49026
4169848
53314
50786
4160440
53154
50210
4142583
52034
49506
4156535
52290
48226
4166200
51202
50274
4167672
52321
51138
4062356
53346
49346
4161208
52546
49058
4170712
52226
49474
4174552
51746
52290
4121878
52450
48386
4168376
52098
49954
4163192
53058
49345
4165912
52898
49826
4138839
52706
49314
4153975
51938
48994
4151831
53666
50178
4160760
52802
50946
4084565
50946
49250
4168088
51810
50658
4164472
51970
50914
4171640
51905
49506
4135799
51554
48385
4169465
51106
49858
4167992
53122
49730
4174104
51554
48930
4149304
50594
48418
4167224
51298
47842
4164728
52065
49506
4178521
53954
50465
4124598
52610
51106
4100501
52162
48866
4174680
51810
49122
4170296
52610
49890
4143287
51074
47970
4177528
51458
48706
4165432
53026
48225
4153336
52514
50242
4128727
53602
49122
4155288
52546
49410
4169400
53474
48482
4156087
51490
49890
4126807
51170
50113
4157656
51810
49057
4164088
51586
49313
4173945
51746
49218
4139415
52450
48610
4170008
51778
48226
4167384
50786
49730
4172952
51714
48706
4148215
51874
49218
4156695
51330
50018
4162808
52546
48738
4155383
51362
49698
4100470
52034
49730
4098934
52290
49986
4150711
52834
49602
4159671
50754
49250
4132151
51746
48962
4176120
52354
49538
4173816
51970
48386
4164312
51970
48769
4131063
52002
48898
4171224
52322
49026
4166872
53154
48674
4166168
52930
49538
4132630
50466
49185
4164152
52770
48194
4169528
51906
48834
4169144
51362
49090
4131446
51618
47458
4167704
52386
49154
4156439
50882
49282
4163287
51746
48546
4141527
53282
48898
4170872
52194
49186
4165239
53026
49378
4158232
53058
50434
4133207
51617
48450
4171928
51394
49954
4102998
52386
48354
4160408
51394
49346
4144599
52290
50050
4171000
51746
47746
4163896
53506
49410
4175448
52258
49505
4145719
52962
49346
4157016
52769
49985
4161495
54306
49954
4167384
53826
50658
4129847
51553
49538
4165656
52418
48130
4179672
52578
48962
4166296
52354
49857
4136567
52066
48546
4155671
52034
49569
4178841
55202
48193
4159448
51906
49377
4143832
52898
49090
4158168
51810
49090
4170392
51298
49282
4170616
52066
50370
4140759
51042
48705
4160536
50306
48674
4175768
53282
48290
4102806
51298
49826
4112246
52898
50498
4156663
52578
48834
4171736
50274
49090
4166840
52546
49378
4142711
52354
49090
4173497
53122
49858
4165496
52994
48962
4168824
52482
49762
4141015
53634
49154
4161816
52098
48642
4173560
51937
50017
4171096
53218
48994
4134071
52866
48386
4169240
50466
48866
4180760
51586
48802
4162072
51490
50434
4142903
52385
50274
4170616
52802
49409
4173465
51330
48642
4172184
52258
50594
4144152
51394
49666
4164760
49474
49794
4167608
51106
49634
4100853
52386
49730
4127094
51714
48066
4179800
52994
48290
4169816
49601
49218
4179609
51362
50049
4151224
52994
48418
4148503
51938
49346
4163544
52130
48962
4168312
50306
49186
4146839
52162
48226
4160888
51138
49858
4168152
51394
48866
4176568
52002
50882
4145463
51426
49410
4164248
51618
48002
4173848
52098
48770
4161431
51522
50818
4154232
51394
48802
4171832
49729
48962
4180568
50882
50754
4167608
51330
50274
4136183
52546
49442
4131382
51906
48130
4133591
51810
49570
4164664
51905
50593
4072180
51202
49825
4170584
50978
49538
4168152
52866
48066
4161784
52738
49698
4149367
51362
49698
4163800
52418
48993
4159960
52034
49890
4164599
50626
49794
4145495
52034
49250
4169144
52034
49153
4165271
52354
49250
4162552
51842
50210
4147383
51778
49442
4161367
51906
50273
4172441
51554
48706
4169784
52866
50338
4144375
52450
49634
4168728
51201
49250
4158520
52641
48610
4168216
54434
49314
4136503
54658
50338
4167448
51426
49474
4182488
51490
50402
4175865
51202
49698
4144183
53090
51970
4084981
51490
48257
4168376
50914
48833
4176120
51490
49090
4146743
51042
48513
4171288
53506
49730
4173336
51138
49634
4169560
51266
51682
4135127
54178
50242
4160120
51266
50146
4171736
52321
48897
4166296
53698
50402
4137847
53410
50274
4167832
51521
48386
4175416
50914
49314
4168184
52066
49698
4138679
51873
51266
4169976
52322
50753
4166616
53026
49506
4168984
51074
51714
4149367
51170
49282
4168248
54338
49410
4157176
52770
49602
4164696
51265
49313
4143223
51842
51554
4098294
53378
50082
4150871
52321
49441
4169976
51298
49250
4146679
52353
49697
4157015
51074
49826
4159159
50914
51265
4173689
51522
50274
4135543
52162
49153
4162679
50690
49346
4165944
51682
49090
4159128
52674
50018
4147447
51106
49730
4163608
51330
49346
4167384
52162
49122
4169944
52258
50817
4144727
51714
49378
4126391
51682
48321
4130198
51554
50466
4156216
51106
49314
4134007
50722
50530
4168952
49442
50338
4174456
52226
48482
4165304
51330
52610
4132855
51554
49058
4156727
53314
51106
4082197
51073
50690
4158200
52930
50593
4133910
52162
49762
4162200
52706
49442
4162104
52162
49410
4171000
52130
50114
4134167
51650
50210
4155319
52034
49410
4153239
51970
48930
4164856
51970
50466
4134615
50273
48898
4168376
50306
49218
4161559
52450
48418
4165976
50114
49218
4161784
51138
49825
4161175
52386
49698
4128503
52257
49698
4156119
52034
51394
4135190
51874
50562
4157336
52226
48897
4159288
51650
49794
4149527
52066
51138
4129527
52610
49249
4157528
51810
50049
4161015
52802
49474
4091989
51266
51810
4143383
54082
48962
4160727
51266
49378
4162487
52834
50210
4146487
52002
52482
4124854
50466
49570
4166871
51554
51010
4156760
51650
49474
4154103
52770
51042
4131478
51874
49602
4166936
53698
49634
4151767
53922
48994
4156535
51682
50978
4137335
52258
49154
4163320
51682
48098
4149815
49698
49122
4164088
51426
51810
4135799
53122
49250
4159351
52770
49186
4162456
51714
49634
4159256
51778
52962
4133079
51842
49698
4166552
52034
50978
4153720
52962
50306
4104725
54210
50210
4130678
50690
50466
4164248
52065
49697
4159448
51169
49153
4168024
52898
51746
4146295
51585
50945
4161144
52290
50210
4166424
51362
49890
4163480
51714
50498
4135223
50721
49602
4164344
50945
50913
4172824
51778
50018
4138519
52002
49602
4132823
52482
52290
4156344
52162
51202
4163512
52002
51746
4155895
52578
51426
4137495
52290
52066
4153272
52130
51906
4135223
52290
51074
4152728
51778
51778
4151799
54658
51042
4059060
53314
49729
4169816
52098
49858
4160248
51841
53314
4061460
51842
50209
4167832
51362
50754
4155640
52194
49922
4170136
52066
52002
4123158
53346
49090
4166136
52002
49986
4170232
52962
49793
4159927
54402
50882
4132791
52194
50530
4152024
52706
49826
4139991
51490
50625
4170745
51138
51265
4151991
52226
49345
4130198
51969
50530
4176217
51362
48610
4131863
50018
52194
4135639
51554
49377
4168952
52193
49761
4141495
51682
49954
4168632
50498
51810
4136375
54274
48610
4143255
51042
49506
4173752
50946
49154
4178456
49826
50562
4163512
52258
51394
4099606
51714
51330
4173048
51458
49729
4174873
53858
51170
4138807
51106
51298
4172056
50497
49890
4178808
52642
50370
4174776
51746
50786
4144887
52066
50690
4151863
51362
49986
4175320
51266
50498
4169656
50466
52034
4147224
51234
50114
4170328
50722
49218
4172696
51393
50146
4169944
51266
50338
4141783
50370
49250
4175992
51298
49218
4176728
52162
51266
4137975
51074
52034
4145111
51490
49281
4133366
50626
49090
4180953
51938
48226
4171448
51938
50049
4135510
52642
50434
4070708
50754
50818
4156664
51970
50562
4174232
52546
51458
4146135
51554
50530
4154552
51618
50274
4155703
52642
48578
4157047
51714
52002
4148663
51874
49442
4164856
51490
50786
4174264
53442
49602
4169496
51810
49538
4149527
52226
49090
4156855
50722
50402
4170936
52258
48770
4167512
54210
51394
4116694
51554
49377
4170585
51426
49345
4172920
53346
50049
4160376
53090
49633
4141655
52354
50882
4161912
52834
48834
4166840
52033
48962
4177465
51106
48481
4153304
50882
49826
4170264
53282
52098
4091861
52738
49826
4159672
50594
51970
4145815
50946
49890
4162551
51458
50114
4170808
51873
50210
4162584
51234
51042
4076725
50242
49281
4114998
51298
49442
4168728
51649
49986
4170872
52258
50082
4153688
51586
52546
4137911
52226
50018
4160567
51394
51073
4170425
51234
50049
4102741
51873
51137
4099349
53538
49506
4133623
53346
49825
4147895
52834
49601
4080596
52034
49090
4122390
51650
50178
4173496
52546
50210
4157944
52577
48546
4155895
52482
48353
4177688
52482
48802
4148183
53282
49570
4079892
51906
50498
4111190
52514
52450
4149559
51586
49474
4179353
53890
48097
4083605
51234
51394
4101046
52386
50914
4117910
51585
49282
4180729
51362
50401
4143895
51970
47938
4108405
51554
49154
4162647
51714
48578
4170712
51298
51138
4143543
50754
51458
4095446
51906
49666
4086805
52034
51618
4129655
51746
49282
4144855
51138
49441
4119318
52450
48513
4126166
51842
47873
4165400
51938
50818
4141143
52226
49218
4101046
51554
49377
4167479
52258
51010
4147192
51106
51938
4063861
51714
52418
4103574
52866
49058
4126679
51682
51298
4130231
52514
50658
4150839
52354
51489
4091125
52769
49698
4132503
51746
50242
4150807
50753
47906
4148855
51010
50146
4145399
51842
49570
4083317
51746
49250
4128822
50338
48866
4115094
52258
50690
4118166
52322
49090
4087125
51266
50530
4128854
52226
48674
4102581
51778
50018
4129814
52962
51426
4124759
51330
52034
4131959
51713
48738
4144120
52354
50241
4113397
52706
49346
4156696
52226
47874
4093589
51874
51170
4109974
51842
50338
4060148
51233
52066
4134327
51266
49537
4166328
51906
51553
4080981
52162
48994
4092437
52449
48674
4087797
51458
50914
4127351
52226
51618
4137655
52994
50018
4130582
50626
49666
4145624
51458
48705
4148311
51425
48674
4142263
52354
50338
4137975
52034
48738
4130263
52354
51650
4148312
52386
49633
4079125
52354
51586
4130423
51202
51010
4126774
52162
49505
4165431
51170
49922
4090293
52289
48673
4127030
52258
49730
4144375
50626
49218
4104854
51330
48034
4093141
51074
49953
4137367
54017
50274
4074773
52546
50625
4121526
52418
48418
4130326
52226
48418
4132374
52610
49634
4141495
52002
51426
4160983
53121
51970
4083413
51490
49218
4140727
52610
49794
4087605
51330
49058
4131479
50689
48514
4155960
51490
49410
4091381
51010
49601
4162391
52546
51234
4101366
51137
48450
4137463
51522
48385
4138966
52930
49601
4115318
52738
49826
4162264
51906
49538
4143991
51362
49602
4126711
52834
49442
4079605
51234
49314
4152183
51010
49538
4162968
52098
51106
4080117
51842
51266
4134199
51074
48546
4109014
51586
50466
4153496
51618
49538
4125142
51810
49633
4134166
51394
49090
4166904
53058
49058
4164120
52001
48930
4156951
53538
51682
4081109
52130
48674
4133559
52194
49218
4159287
52258
50402
4131159
52514
52578
4127543
51170
50274
4143191
50338
49154
4155704
52706
50434
4135543
51457
49154
4140567
52002
49538
4148216
52098
49473
4151511
50946
49217
4140087
51490
50338
4151383
52322
50658
4105014
52866
49570
4164728
51714
49953
4142135
52610
49026
4179545
52450
51874
4104822
51586
48706
4138455
52994
49154
4102006
51778
48801
4146231
52322
49025
4167672
52290
48770
4168856
52034
50178
4091253
52130
49602
4108470
51682
48193
4145175
52162
50753
4091157
53730
49986
4094389
52002
50529
4165847
52962
50050
4168632
50690
49538
4151511
52738
50338
4136791
52033
49250
4095382
51746
49890
4168952
51714
50721
4163223
52578
49633
4111830
52610
48898
4096341
51650
49346
4116502
52994
49314
4141847
51074
50049
4130807
51490
48002
4138838
51298
50050
4150264
54818
49602
4041715
51650
49921
4101269
52705
49058
4119383
52450
49410
4111094
51394
49538
4149271
52098
50914
4084629
53378
49346
4105878
53570
49090
4167960
51810
49698
4157783
52386
51682
4116534
51650
48706
4167192
51906
50594
4148023
51746
49090
4105398
51714
48930
4067540
50178
48546
4135190
51810
49602
4162488
52449
49346
4147735
51746
50242
4084437
51362
49954
4159448
52994
48546
4087349
51745
49569
4155671
53122
49089
4085396
50882
49633
4151735
53282
49570
4154295
51938
49826
4154232
80611
49762
4036211
51074
49058
4153879
49506
50594
4153367
50626
49026
4151192
51874
50146
4129654
51618
50753
4159736
52129
49121
4121111
52002
48930
4113270
51010
47937
4136823
51265
49218
4181401
51586
49634
4161176
52290
50626
4110742
51458
50722
4078708
51938
48866
4172344
53186
48993
4115703
54978
50049
4051635
51650
51458
4102069
53474
50082
4087541
51490
50210
4163256
51618
50594
4163768
51874
50177
4128119
52418
49154
4151735
51970
48321
4138967
52450
50402
4098582
51937
50370
4055092
53858
49058
4177144
53026
48609
4099926
53186
49377
4128886
51778
49697
4146903
53762
50242
4148664
51298
49282
4135031
51682
50050
4161656
83107
48930
4074165
52737
51618
4170040
54306
51234
4107350
53666
50978
4103638
83043
49057
4080596
53186
50050
4166360
53378
50082
4110742
51874
51522
4170488
71746
50178
4092662
51298
50946
4110358
52994
52354
4116758
51169
51490
4160728
51970
49857
4155992
52642
51202
4109654
52417
51809
4105878
51617
48130
4098934
52961
51074
4128951
53602
51938
4084245
54146
51105
4112789
51682
50082
4148760
52321
50210
4136791
51714
51426
4170872
51138
49826
4110070
50626
51010
4176952
51778
48833
4139031
52098
50242
4170264
51906
51042
4169464
52258
50978
4072468
50978
49762
4127927
51970
50978
4078901
51586
50594
4129302
52034
51042
4153303
51170
51138
4148791
52290
51586
4150519
52546
50882
4105013
51810
50210
4169464
52322
52482
4114006
53346
51746
4169912
51970
51618
4101750
52578
49090
4107990
50850
51202
4148760
51682
48770
4093494
51490
49121
4104022
52546
51394
4154807
53058
49922
4138455
52450
51362
4156920
51521
51234
4097717
51970
49410
4147288
52194
52481
4120886
52162
51490
4190393
52066
50434
4102357
51490
50722
4171832
51810
49697
4124982
52001
50178
4088629
52578
51842
4160280
52098
52098
4156248
73987
49666
4087637
52738
49953
4087189
52962
49250
4065012
52386
51938
4171192
86435
50338
4062869
51170
50658
4174776
51873
51106
4135959
51362
51330
4120535
51970
49730
4142391
52545
49762
4101077
51905
52098
4035283
52610
49698
4134199
51425
50114
4147671
52194
52290
4128406
52482
49954
4164792
51682
51650
4075988
52194
50434
4121943
52930
51522
4100086
52962
51266
4116790
52098
48865
4107125
82019
50370
4083253
52482
50530
4136759
52514
50370
4155799
52034
51330
4116214
73859
48802
4085525
53858
49890
4153751
52674
50786
4164728
52194
48994
4103222
53026
51522
4119542
52546
50401
4069172
54978
51201
4144919
52738
49410
4124758
51874
49281
4140663
53666
50722
4163096
53602
50754
4114582
52738
49826
4048148
53314
51298
4126391
51298
50818
4162360
52834
51746
4126390
51746
51010
4109686
51906
51234
4128566
53442
50402
4154455
54818
49730
4116630
53346
51618
4166520
83843
49474
4068020
52290
49858
4154999
52162
51138
4173112
52770
52418
4098294
53026
51041
4142999
52674
50434
4169720
53858
52290
4107222
51202
49762
4140759
52418
50818
4144119
51586
50498
4100470
53153
50818
4172600
51330
50818
4171864
82819
48993
4069268
52450
49250
4139959
51970
51106
4159127
52290
50402
4174072
78755
50306
4061108
52737
51042
4178937
52898
48482
4180568
54210
52002
4103094
51970
52546
4131959
52738
49858
4168600
52322
50913
4135383
53602
51169
4106485
52290
49026
4136503
52322
51618
4172216
51841
51585
4115222
53346
51746
4106198
52258
51073
4152024
51298
50626
4173688
53154
50946
4121846
51458
50562
4155288
51842
51042
4129110
52609
51042
4174425
52610
50882
4096598
53186
49506
4144247
51554
50306
4131062
53602
48834
4103222
52162
49378
4146167
52130
50785
4129206
51394
52642
4053268
51842
49537
4151160
53025
50785
4163160
51618
51874
4169528
94884
50050
4064724
51330
50337
4155991
52610
49954
4135158
52642
50658
4154520
51042
48897
4142679
52674
51106
4100790
51202
50786
4119542
51714
50626
4084533
52930
50690
4121270
51138
49826
4177560
52418
50050
4162264
50977
48289
4161783
52578
51490
4121558
51650
48834
4173656
52962
49281
4168440
55170
51618
4082261
86723
48802
4063124
52066
49537
4127158
51938
51906
4166264
51746
50594
4156792
51458
51202
4149783
55106
51042
3990034
53890
50817
4100149
52130
50754
4102709
51266
51490
4086933
51970
50018
4153144
52674
51202
4155864
52482
49281
4172281
89059
48194
4060052
53121
48642
4129175
52482
51041
4170969
52514
50754
4094006
52066
51426
4134615
52706
50145
4164663
52962
50786
4111926
52802
49634
4086709
51618
52610
4124663
51330
50754
4146648
51650
48674
4151864
52321
51106
4168280
80323
50018
4077397
52738
50754
4153304
51330
51170
4165272
52258
48770
4083029
52578
49890
4137879
51394
51042
4163384
51906
50978
4034195
52706
50753
4142647
51138
50817
4123799
51810
49634
4143319
51906
50562
4160248
51105
49025
4158616
82627
49889
4082037
52962
51682
4095574
52642
49954
4159576
52034
51618
4154615
76195
49058
4076116
51554
49058
4161368
52770
50274
4149655
51874
50369
4165432
52194
51170
4127575
52706
49762
4163288
53025
49890
4172376
52322
52002
4127511
84771
48450
4068116
51873
51554
4162712
52066
50146
4170744
51522
51266
4105142
76387
49186
4084501
52802
51170
4157911
50818
50146
4072597
52098
50722
4142903
51362
50626
4142167
53346
50274
4162296
52674
51777
4108341
52002
51362
4089397
51106
52130
4144823
52738
50690
4118486
53089
51522
4108821
52578
50466
4107798
53218
50402
4136471
52578
50433
4166359
52514
49730
4102518
51554
52161
4092085
52705
51874
4094229
53250
52162
4138903
53538
51746
4146871
53154
49633
4099030
52066
48098
4134679
53538
50146
4126615
51874
48418
4135223
52802
47937
4175577
81219
48866
4082005
52674
52450
4099350
51010
51714
4157687
52034
50178
4099317
53634
51106
4139863
52865
50945
4114358
52098
51362
4103958
52322
49218
4077621
52481
50146
4139671
52898
48162
4108725
53602
48706
4172088
50850
50466
4121846
103524
50338
4054804
51810
50274
4155128
53090
50850
4105494
53377
49442
4143447
82595
49314
4123607
53506
51458
4169368
51330
49442
4088117
51042
50562
4151607
51874
50114
4152247
51330
51426
4159288
53122
51714
4091317
52546
51074
4153239
63426
49666
4059412
53090
49826
4167736
51522
49922
4103734
52097
51969
4100661
67907
48610
3927888
53762
50210
4141399
51746
50177
4149111
52738
50338
4150423
51010
49825
4149911
53153
48705
4098165
52482
49858
4109622
52578
49858
4141335
52578
48770
4142839
51906
48450
4141783
52962
51554
4152760
52258
51746
4110230
82979
48162
4126454
51874
48770
4154296
52578
50818
4152216
52258
49026
4136759
52609
50466
4137591
52770
50049
4138807
52738
51458
4152088
52801
47810
4138167
70210
51554
4147320
51522
51746
4181432
52418
49954
4088117
53026
51266
4167864
52066
51650
4029075
51938
49377
4130230
51778
51266
4165816
52578
49281
4093813
89347
49282
4033939
52770
50050
4171288
51074
48993
4137975
52322
51682
4170232
59459
48993
4085493
52674
51010
4176312
52578
51362
4099158
53410
50498
4164600
77603
49570
4142359
53442
52162
4103382
51362
50882
4166168
52226
51362
4169880
67522
49090
4080853
52833
50562
4093301
52066
51138
4163768
52866
51650
4107382
76611
47906
4140503
52770
49730
4120727
52706
50626
4104470
53506
50786
4183896
54914
49666
4078740
53922
50018
4110710
52194
53058
4107830
54050
50113
4109525
84227
49314
4121175
51298
49410
4142135
52162
51202
4146103
52546
50497
4178905
61314
49601
4061140
51458
49825
4155959
50850
51489
4172152
52642
51426
4098998
81667
49474
4095029
52418
49986
4153751
51042
50594
4126103
50818
51234
4167896
51522
51330
4137783
50850
50402
4177817
51554
51330
4171512
50338
50754
4189945
68482
49825
4064564
52577
50818
4126743
51137
49986
4166584
51969
48802
4149912
78115
49698
4116566
51362
50594
4171288
52258
49538
4101942
53090
50914
4143671
84644
48865
4130231
51394
51970
4168440
51170
48738
4160536
52514
49602
4124918
79586
48354
4140311
52578
48449
4177241
52898
50402
4103094
52354
51682
4151671
70370
49826
4156920
53250
51586
4161080
53218
49442
4100917
52034
49506
4147159
80675
50818
4136407
52322
50370
4175192
51874
48578
4142199
53218
49058
4121431
83875
49345
4128823
52962
49537
4168696
52834
50658
4114486
54946
50497
4095477
77443
48482
4140631
52834
49858
4171256
53250
51394
4091509
51458
49826
4160600
88132
49090
4096726
53826
51137
4147031
54242
48513
4104918
51970
50882
4138295
89667
49730
4081205
53314
51202
4106614
52034
51105
4162167
52514
50305
4173689
81603
50209
4106453
52578
49025
4166488
53378
51458
4114358
52642
50850
4111606
58882
48865
4055219
52194
49921
4135799
52610
51233
4158200
52546
50754
4097205
80611
49634
4141879
51489
48834
4125239
52417
48449
4156919
51426
51202
4173464
79875
48706
4136279
54530
50562
4093717
51074
51137
4137943
52033
49089
4092405
58243
50082
4064724
51042
49346
4144183
51778
52034
4160312
52194
50594
4074581
82755
49186
4111701
53762
49057
4144280
53346
50274
4160024
52034
50434
4167544
59874
51298
4062132
50690
50401
4135671
50402
48546
4171256
52002
49665
4113014
86243
48258
4128087
52002
49921
4179192
52706
48129
4166648
52162
48770
4169880
79203
50114
4148567
53122
49730
4162744
51202
50818
4176345
54626
50370
4116822
53314
48930
4089557
51137
51138
4177881
52514
50530
4114166
52834
50882
4132951
53185
48481
4053907
49922
49474
4174712
53282
50754
4113718
52770
50050
4107382
59522
49761
4069460
53346
49153
4161911
52450
51266
4103157
52354
51554
4116758
53154
49729
4073652
51906
49122
4162520
51938
49442
4093398
52386
52322
4150552
88932
48162
4116375
52130
50946
4105494
51810
49858
4104374
51426
49954
4163768
84771
49954
4128630
50946
51298
4162584
51234
49409
4146487
53986
51202
4151895
76322
50497
4139926
52770
52642
4158904
52226
51266
4173016
53954
51874
4152727
92835
49761
4069301
51906
51874
4169784
51361
49698
4147191
51522
50754
4158648
80163
48834
4137495
52962
48514
4155544
53730
50914
4154360
52770
51650
4182008
59458
49282
4079925
52034
50594
4158712
50722
50722
4160408
51393
51170
4171800
59586
48674
4070549
52738
51010
4169656
52418
51170
4108309
52034
50562
4105590
77411
48962
4138903
53186
49409
4160440
52066
51522
4163512
52674
50434
4173848
59395
48514
4065940
53217
52066
4175001
52610
47618
4102550
51938
51298
4160664
85475
49281
4132758
51202
55842
4090806
52994
49954
4167128
51746
48418
4116630
79651
50242
4130550
52194
50690
4154840
50626
50146
4171288
52354
50242
4165943
52258
49954
4082133
52098
51074
4156312
52034
48865
4173560
52610
51106
4107254
88452
48129
4127830
50274
50178
4148792
52290
52097
4150231
51617
51426
4095285
77826
49090
4133047
50978
49570
4163096
51522
49986
4141399
51906
52417
4152983
80003
49058
4087637
52065
49122
4122615
51042
49506
4126838
51906
51554
4159127
84995
48674
4143575
52833
48545
4164184
52098
49314
4102326
52546
48514
4131159
79971
48578
4151575
52642
50721
4126262
52738
48706
4141463
52034
50274
4103670
58978
49058
4108854
54594
51458
4060212
52770
52226
4136183
51458
50722
4181240
83651
48098
4134870
51522
50529
4171416
51906
50530
4173144
51266
51394
4173688
81955
48770
4103638
51970
49186
4143223
51841
48546
4167768
51842
49217
4171353
81443
49858
4136887
50946
52002
4147415
51170
50082
4164535
51938
50114
4170296
92676
48993
4141431
53346
49538
4144344
52514
51810
4084245
52322
49378
4147287
65187
48930
4100981
52482
51490
4162712
51714
49698
4171800
52257
50562
4168152
75043
48161
4144408
53186
51234
4161144
50625
51362
4167192
52674
51682
4145176
85699
47138
4134615
51074
49634
4167192
52770
49794
4156600
52994
48098
4097046
81827
48034
4130967
52418
51138
4140951
52578
51298
4156664
51170
50434
4163512
52866
50338
4096949
53442
51618
4154232
51042
50690
4140119
51778
50338
4142904
68451
49890
4102774
50786
51490
4159032
53442
51138
4134263
51266
52609
4054996
84611
48801
4092118
52386
48322
4156599
51778
50818
4130615
51713
51202
4141079
66146
48322
4064692
51842
51266
4169816
52866
51042
4171672
52290
51938
4159031
65443
49986
4077461
52865
50434
4149816
51906
48386
4157623
51650
49698
4148151
82883
48481
4140375
51490
49954
4170360
51618
51553
4160599
52706
51586
4139031
51874
49410
4103510
53122
51042
4168024
51521
49090
4180824
52546
50914
4170840
82563
48354
4149527
51745
50242
4175096
51010
50305
4179961
52162
49954
4139511
57186
50242
4035379
52066
51137
4167799
51554
49473
4187321
53986
50465
4158200
64098
49826
4135127
51522
50850
4159735
52930
50338
4091989
52450
50434
4147096
52514
48417
4086965
51330
50178
4137303
51938
49250
4114262
52098
50658
4131895
92196
48066
4119222
51521
50658
4152696
52930
50594
4129623
52354
51778
4110262
59778
48770
4115190
52482
51874
4144791
51682
50978
4157271
52546
51266
4159864
60707
49154
4085749
52322
50465
4142743
53506
51458
4161143
52834
53026
4091893
52770
52034
4052212
52642
50594
4162840
50754
50338
4182201
51906
51234
4163640
59330
48834
4106582
52738
52258
4151288
51809
49698
4126871
49826
50786
4156695
51201
48130
4114166
51970
50050
4173976
51426
50497
4144215
51745
50114
4144471
56931
49506
4115254
51330
50626
4153367
51586
49473
4122006
50946
50594
4153432
58978
48321
4120567
51618
49633
4147543
49794
51362
4130838
52098
50081
4136407
61474
49921
4088853
52258
52098
4130646
51874
49921
4165335
52482
49634
4132663
56290
50946
4122678
52930
52450
4067764
52962
49570
4157368
50626
51810
4161367
58883
48033
4117175
51074
49730
4151095
51010
50082
4116726
50658
51073
4164791
57826
49474
4098421
51714
51362
4148695
50465
50049
4157431
52546
49858
4158456
51138
47169
4085717
52609
50818
4146583
51394
50626
4159896
50914
51458
4138807
53058
48578
4119670
52866
51874
4142999
52897
50594
4131831
52642
50082
4129878
54050
49506
4100309
51938
50273
4146167
52034
49090
4122262
51554
48513
4129814
60866
48674
4130103
53954
49570
4081717
53378
49090
4084597
51490
49186
4181593
52034
49282
4115222
50466
49570
4161720
51329
49026
4155928
52418
49250
4154424
61955
49634
4137303
52258
50114
4152983
52482
51714
4153080
51329
49346
4153560
51617
48674
4144119
52002
48929
4170136
51618
50658
4164024
52066
49665
4157047
59202
50178
4129238
51394
49794
4148760
51266
50018
4132119
50370
49090
4168664
53090
50018
4060116
51426
49186
4166488
51169
50786
4175256
50914
50146
4141815
53282
49537
4122742
50465
51106
4175480
51586
55874
4071861
51938
50658
4167864
60066
49090
4145687
52162
49474
4173784
52386
49666
4167928
52290
51042
4162072
53026
48066
4097973
51298
48609
4176505
50946
48802
4183064
53538
52258
4116086
58946
49250
4095574
51906
49185
4155543
52578
50210
4130135
54178
50210
4131863
51618
49730
4116950
52258
48098
4163864
52226
50018
4173369
52674
48770
4147575
58658
48354
4078485
52866
49634
4161559
52130
51042
4147543
52194
49346
4125206
53282
50017
4110325
50370
48514
4165784
52002
51234
4139223
51330
58146
4061812
52034
47650
4128631
52674
48706
4098165
51074
47362
4118582
53570
49089
4162871
60514
49602
4022035
51586
51810
4152151
53890
49730
4129943
52994
51522
4123479
68642
50594
4114102
51586
50818
4125558
52514
49601
4088597
52034
49282
4137143
59426
49281
4080309
52418
50242
4151511
50626
48929
4149015
53250
50082
4152056
62946
49058
4107029
54786
50690
4022611
51681
49890
4173433
52962
49378
4072564
52898
48610
4118390
51746
49282
4154807
52226
48354
4146615
51682
48481
4181240
53442
48962
3981841
52482
48898
4113110
51618
49057
4138519
53666
50338
4163384
57058
50434
4059284
52578
50146
4161720
53346
50306
4109718
50882
48226
4177112
53442
49345
4140055
52290
48897
4172888
51778
52258
4166040
52930
49218
4162935
55010
50466
4130423
51714
49857
4153911
51618
49602
4118998
51650
49122
4167256
55426
48066
4135703
50370
49282
4179896
51394
49090
4125527
50882
48450
4174232
55682
49601
4132854
52994
50274
4162136
53090
48706
4169816
53634
49538
4160664
55874
49602
4086613
51778
49538
4148952
51746
49090
4119094
52546
49506
4127863
55139
50434
4116246
52673
50273
4152919
50402
49314
4186105
33249
24481
4431202
77058
48994
4183097
52994
49570
4129558
52546
49506
4114422
50594
48961
4178840
55522
49538
4130038
51522
50017
4173144
52322
48898
4100374
51778
50658
4165688
58562
50402
4120438
50882
49058
4164568
50850
48193
4181880
51458
49474
4174776
57026
50242
4127126
52834
49954
4172728
52162
49122
4176088
51681
49922
4174841
53282
50562
4132535
52898
54434
4080021
52418
51426
4123574
51458
49057
4175576
51554
48994
4139767
51106
49858
4167096
52930
49602
4165464
52194
49794
4163672
52450
49602
4139575
51298
49698
4171545
52002
48098
4174904
51297
49762
4163224
52290
50210
4098677
50722
49218
4169528
51906
50306
4167288
51137
50498
4173112
52514
49538
4144951
52194
48898
4143543
52194
49186
4152951
53026
49026
4144215
51266
49442
4136535
52002
48738
4154935
51586
48802
4127159
52034
49602
4161816
55874
50210
4079061
53186
50626
4160632
53058
49314
4040820
52321
50114
4158168
52066
47969
4142999
52610
49922
4161944
52258
49794
4126550
51169
49985
4169272
56130
48770
4129879
53026
49058
4162680
51778
48962
4181721
54562
50210
4077653
66562
51362
4116886
52802
50530
4171960
52130
50786
4150488
53378
50498
4164248
66723
48258
4124918
52002
50402
4152920
54082
50626
4148120
52418
52482
4170200
65794
49474
4121494
53282
50625
4171992
52865
51745
4158487
51681
49570
4137303
65923
48865
4122070
51490
51458
4152184
52898
52354
4095989
53026
51361
4168248
66019
48737
4123799
52002
51778
4174264
52418
51906
4154903
52322
49314
4181784
66498
48098
4105782
51490
50689
4135158
52962
49025
4146135
51874
51201
4146999
52514
50273
4137367
53538
50594
4158711
52450
51906
4178552
52386
51810
4173240
65922
50050
4108790
53026
51618
4157496
52609
49122
4175449
53698
52482
4134486
52514
47874
4155223
53410
51649
4102101
52738
51362
4136054
52098
50818
4158360
58658
49666
4146807
51394
50210
4094197
53314
51073
4116278
52673
51074
4076949
55810
49153
4109590
52674
49217
4176985
52418
49922
4160440
53122
51650
4166200
51714
49057
4135542
51170
48354
4172696
53154
51682
4141527
53538
48609
4183928
55618
51490
4054644
52994
50690
4146455
52481
49698
4147224
52802
51586
4140247
66978
50210
4054964
51970
49826
4134807
52066
49057
4138391
51010
49794
4133367
66146
48418
4120470
52066
51618
4080628
52290
49922
4137175
54146
49793
4120310
66754
49218
4125014
52354
51074
4142327
52546
50466
4137751
51714
50402
4131670
54658
49538
4039284
52546
49122
4171384
51586
51042
4141751
52770
49249
4144216
57154
48609
4123127
52513
48385
4157495
50818
48865
4136598
52002
49698
4134519
52962
48514
4141591
51554
49666
4177977
52162
51202
4165368
52162
51650
4167384
54818
48866
4114646
52098
50850
4168760
52674
52514
4151767
52450
51522
4116310
59715
51042
4080468
52226
51105
4146071
51810
50114
4131191
52130
51554
4155927
59266
49634
4098390
51234
50146
4126903
54466
50209
4134134
51394
51458
4166232
66562
52514
4008786
54338
50754
4154135
50914
51042
4136470
53442
49826
4134135
66563
50402
4105365
51874
50177
4083477
54626
50562
4104534
53826
50721
4160727
59202
48802
4116534
54850
51746
4033907
51746
48994
4120502
55874
49154
4120406
52577
49633
4087989
53666
48450
4161528
53026
50274
4167736
51970
51618
4150871
62882
55426
3842764
56547
52290
4040979
53634
52450
4133814
51137
51586
4139319
66787
50050
4112246
52161
52546
4171448
53410
50786
4160664
51298
50242
4167447
67106
51362
4048788
53378
52034
4068821
51138
51074
4156280
53026
51330
4174456
65058
49026
4130743
51202
51106
4183064
52450
52258
4103925
53282
51170
4134614
67139
48513
4137463
51842
50210
4116918
54306
50722
4168280
55618
50625
4186136
57667
49826
4097974
52130
51106
4116950
52418
50017
4171032
52834
51522
4180280
64035
49442
4087797
51586
50274
4180249
51490
52002
4172280
52930
51714
4172024
62466
49890
4132918
52002
50594
4174456
51202
51106
4175256
53890
51170
4183193
66146
51554
4121142
52130
50626
4171576
50914
48673
4127735
52866
53058
4108086
65090
53218
4117078
50562
49922
4183064
53026
49762
4182905
49666
50274
4170744
66178
48802
4123254
53954
50754
4174008
49954
51586
4163992
51618
50978
4182392
56354
50562
3927247
52610
50306
4132567
51713
48642
4142071
50849
48642
4140567
57634
48930
4097238
52770
49986
4130295
52481
49346
4134583
53154
48514
4097494
65667
48514
4092053
52898
49121
4127382
52258
50018
4130742
52194
49602
4129079
58626
47682
4094357
52546
49186
4143191
52898
48769
4143383
54626
50050
4038387
57731
49057
4077460
52642
48770
4135159
51810
48994
4114838
50914
51138
4144215
65859
49250
4067605
50914
50498
4140727
52642
48546
4104597
51554
49762
4143383
53153
49474
4073589
51490
50498
4140567
51970
48866
4144535
50754
48994
4150712
53250
48450
4107990
52834
51361
4161911
52866
48098
4092022
51746
49794
4144151
57122
48225
4079668
51778
48577
4115798
52258
48162
4142103
53186
48770
4111862
52610
49250
4074101
51330
50466
4105718
52226
48610
4113782
52738
49410
4065620
52290
50593
4058708
52418
48993
4153943
53090
49570
4139031
55682
49154
4087765
63779
48865
4074068
50722
51265
4127606
51202
50113
4138903
52450
49122
4096566
64226
48674
4063284
51906
49090
4146743
51426
49313
4140631
51586
49762
4146103
67842
49634
4072884
52290
50370
4144823
52514
49058
4138455
52162
49793
4100309
52450
49410
4071925
52386
49122
4105686
52226
49186
4144695
50978
50401
4136566
52418
48994
4113014
50274
49602
4133591
51138
49314
4113718
51906
48514
4109110
52770
48833
4014706
52418
48386
4150711
51714
49634
4109910
51490
49602
4106582
53026
50434
4106869
52866
49282
4115830
51938
48130
4141367
52834
50434
4108534
58466
48066
4124279
52674
51490
4152792
52322
49602
4114070
51746
50785
4105109
64291
49922
4046164
51234
50049
4152919
50818
51970
4151895
52257
48706
4094646
52578
49090
4143351
51394
50914
4151799
52194
50658
4140470
52034
51618
4125431
52898
48129
4130807
52162
50370
4143511
52802
48610
4155864
52034
49666
4141015
52738
48130
4075028
52833
47970
4071157
52290
49026
4152087
51841
49474
4243323
55426
50978
3921007
52546
50082
4162360
51266
52130
4179032
52866
52034
4162327
51938
47585
4151895
51426
50978
4175512
51554
48738
4182360
52194
48674
4136119
52354
48098
4151319
51554
48641
4190968
51329
51394
4184761
50914
51874
4177240
53794
49090
4150999
51106
49954
4196217
50690
51137
4182137
52610
49410
4180696
54338
48834
4032307
52514
50146
4163640
51490
49058
4180536
52098
48929
4168728
51714
48610
4131575
51586
48546
4087637
51970
48258
4169336
51713
48930
4177625
63010
48354
4138103
49665
48225
4156823
50562
51330
4174361
51202
49954
4179576
59810
48418
4113782
51362
49697
4167896
52034
49922
4155480
51778
49698
4168440
51745
48194
4153720
52258
49985
4143991
51938
50210
4161208
51042
48930
4169176
56802
49314
4036851
53794
50050
4164984
52546
47362
4132278
52482
48481
4173304
50690
50914
4069108
50114
48769
4190104
51778
48130
4167064
52354
49730
4139031
52322
48098
4157335
53026
52290
4157079
51234
50082
4094006
51522
51298
4165048
52162
47778
4155159
50978
48898
4189049
51554
51425
4095093
52929
48674
4176984
58114
49378
4150904
51938
52258
4170008
51778
49410
4173432
51522
49314
4125334
52066
47426
4149655
50370
47362
4120342
51809
48162
4155799
52834
49185
4171353
54498
48802
4150007
52290
48898
4181112
50562
49186
4104054
51906
50242
4168472
51362
48546
4095317
53186
48418
4124822
51874
48065
4173304
51362
47585
4187833
53730
47874
4153719
52322
48898
4187353
52194
48834
4178712
52226
51906
4098421
63170
48258
4140215
52546
48258
4125431
52866
48641
4163800
53122
48802
4175320
52098
48737
4121558
50882
49474
4170232
51106
48898
4191225
50658
48674
4123607
57186
49858
4146135
51106
50274
4163063
51970
48225
4176857
52418
50018
4101270
53825
50146
4141271
50978
49826
4188761
51522
49250
4132695
51202
51394
4174712
57314
47586
4151767
52258
48802
4135607
51746
48258
4169080
52994
49442
4123158
54914
48353
4154968
52098
48353
4153207
51746
47841
4168280
52834
51362
4102838
53634
48994
4093909
52001
48802
4172856
51522
49570
4123415
51874
48738
4170008
61378
48290
4117526
51138
49762
4165912
52034
48578
4170904
52674
49506
4173656
58978
47649
4141559
51394
48546
4163256
52674
49570
4120662
51490
48226
4140503
49954
47617
4166104
54818
52546
4064980
52226
49282
4188153
54242
50658
4068725
53826
51170
4136727
51330
51010
4179608
51010
51746
4170489
50818
49218
4182040
54146
49281
4127606
52322
49218
4159927
50881
49346
4173945
51522
50242
4171704
53154
53058
4071348
52546
50018
4146744
52962
49570
4130903
52257
47746
4169560
53058
48802
4136215
53378
48418
4164728
51778
48514
4173208
52033
49762
4175416
53570
47970
4105302
51554
50114
4179256
53890
50530
4178040
52130
49442
4176505
52098
48418
4153655
50082
49410
4182136
52033
48770
4181113
51074
49345
4180825
52642
50050
4141783
50209
51586
4181944
50562
51810
4183865
50594
52034
4178136
51745
50402
4142423
53538
49505
4178744
51298
51554
4165144
51329
50946
4169944
55490
50658
4139447
51714
48898
4095765
51074
52738
4170744
51906
49346
4187161
53250
49922
4137879
52834
49506
4137783
51362
48833
4170937
52706
48514
4154616
53826
49729
4101046
51202
48706
4177337
51970
51970
4162936
53090
49314
4169496
52642
51650
4144151
51137
51394
4180857
50722
49281
4182265
52130
49698
4173016
56738
51425
4141527
52738
52354
4163992
50274
51010
4172632
52770
50914
4163895
52930
50018
4140087
51298
51010
4176440
51425
49505
4168216
52706
50306
4162296
52034
49826
4140663
51905
52674
4075892
52034
50786
4145688
51010
51234
4171768
52802
51170
4150263
51169
50594
4153624
52002
51426
4163832
52386
51458
4173240
52738
47682
4147831
51298
51138
4151384
52418
50914
4139095
53474
51234
4159351
51010
51074
4140215
52706
49026
4179576
51138
51586
4140311
56002
51042
4068117
52738
49794
4135863
51938
46978
4179320
52418
49154
4181113
51202
51874
4140535
51042
48514
4147767
51170
48737
4166104
52066
48385
4174457
51426
48930
4201369
52514
50658
4132310
51746
48001
4180505
53154
50914
4121494
52482
48770
4172984
53730
48706
4083701
53058
49090
4124438
51714
47650
4191097
53026
52129
4139031
51618
51042
4138487
51874
48354
4179768
52194
48962
4164183
51618
49122
4181592
51074
50658
4140471
52162
48610
4176313
51394
48610
4166840
50722
51650
4178616
51490
51137
4110197
51810
51074
4149720
51170
49986
4169400
52066
47874
4173432
53634
50594
4141687
51618
48706
4202969
52834
47938
4115606
52482
50594
4149208
52450
49378
4126135
52098
51361
4146935
52386
51970
4155384
53122
50977
4086869
54594
51041
4156312
51585
50146
4172152
51106
49250
4180633
51266
48161
4186009
53570
49154
4105590
50754
51394
4144855
50978
48033
4177561
51746
51650
4149943
52898
49730
4126294
52578
49250
4164536
51714
50306
4141367
53154
48610
4123606
51298
49122
4146392
51586
47682
4175384
50817
48066
4173592
51746
51682
4136982
52322
49666
4137367
51170
48898
4168920
51330
47330
4189017
53346
48354
4173240
52738
49346
4073461
51234
49090
4173784
52002
49282
4172536
52930
52162
4016339
54146
49026
4116182
52418
48962
4178840
52482
52002
4134999
51682
49954
4150007
52994
49345
4141591
51522
49282
4161048
50338
47746
4178168
50978
48962
4167896
49729
48674
4150967
50274
48962
4185081
50946
50177
