123141
43841
34401
29089
27073
26337
25601
25601
25633
25793
1318128
28193
25441
4481027
27521
27425
4410337
27329
26305
4535141
28705
27105
4533702
29121
28097
4490820
49218
25601
4501476
36897
33345
4397057
38338
36929
4390816
34881
33377
4414178
35425
33505
4393344
46914
46881
4225819
42658
39778
4237531
45858
40738
4255835
47938
45505
4174169
52514
47618
4173464
51778
48834
4174489
53730
49410
4172760
51009
51682
4126807
53794
51874
4139959
52930
51458
4167353
52802
51586
4180089
50913
52034
4152472
53186
54466
4115862
52578
48417
4168473
53474
48834
4035219
51362
50306
4127479
53250
53314
4138647
52769
48610
4129974
51618
51905
4173592
51138
50082
4155383
50914
48385
4166168
53026
49890
4152759
50434
49826
4144728
51970
51874
4114006
53954
48098
4138007
52738
49250
4178648
52738
55906
4120919
53217
48577
4130679
51842
51970
4184601
53698
49602
4086805
50850
48098
4175321
56930
48258
4142679
50401
48450
4159832
53314
48802
4135703
52738
48321
4134583
52289
48322
4128983
53090
48834
4180953
51874
48866
4183001
53474
51810
4173337
53058
49698
4022515
50593
48770
4167384
52866
47970
4156280
54082
51778
4109206
51746
49090
4111158
49250
48450
4181496
51586
48258
4181977
51554
48354
4175288
53858
48610
4107478
52130
49058
4160504
49794
48066
4177881
53506
47906
4153655
51394
54914
4075669
52706
47906
4172024
54050
48322
4122647
52578
48674
4169400
53730
53122
4104309
52866
48578
4171128
54242
48738
4172185
51298
51874
4181241
51586
51714
4122583
52866
50658
4156568
53922
49154
4193529
59906
52898
3983217
54306
50658
4093173
53186
50274
4062932
53634
50530
4167288
52002
53506
4187385
52929
53154
4154584
52162
50274
4180152
52930
49826
4177209
53506
49729
4169368
110980
58274
3406621
55234
51522
4113686
51586
51810
4149271
52162
54274
4172377
52418
48514
4165048
51842
48002
4194297
51362
54178
4186233
51266
49762
4184793
54690
50786
4121462
51809
49666
4181849
51810
48930
4188249
50594
49538
4185657
52162
48770
4142423
51074
47778
4196537
52002
51297
4175256
52290
50690
4195705
51586
50050
4170136
52194
48322
4195097
53026
49442
4130551
53890
51458
3974769
52002
49825
4143575
51586
50306
4179480
51746
50434
4160632
51714
50018
4197785
51586
48930
4159224
51074
49858
4189561
50882
48642
4179769
49922
50274
4193145
51490
49602
4165016
51906
48738
4167320
53154
50529
4186392
51490
51074
4169880
52482
51618
4139704
50434
50978
4204409
61154
54274
3805291
51362
50306
4137111
51458
48930
4142487
50050
50690
4156952
52898
51714
4161399
51682
51009
4171256
52514
49026
4047860
54690
51906
4164280
52194
50978
4114102
51554
54114
4174041
57762
49666
4050836
52034
48481
4138711
51938
49442
4150455
52641
50562
4181977
52066
50306
4105430
50946
53314
4186297
53538
50178
4185049
49986
51490
4188537
52610
50338
4134135
52193
50306
4180377
53602
54178
4167320
53890
51490
4096821
53634
53314
4122166
54306
53250
4144087
50914
51490
4179161
51522
51682
4134967
52450
49634
4118294
51233
48578
4175608
51521
49090
4184409
52162
51969
4040691
52034
51970
4098390
52034
49442
4169880
54370
51810
4176377
53378
49090
4138743
49762
49537
4141271
53282
47586
4068084
50850
50914
4145464
51617
47810
4139671
51842
50753
4142167
51266
51362
4183225
50305
52802
4153911
51426
49730
4192985
50754
50658
4162488
50594
49825
4176857
50562
49602
4182585
51170
49922
4125143
51618
51457
4164152
51682
48993
4179225
50274
52610
4176056
50145
49346
4164600
53442
50754
4133334
52001
53218
4121399
51010
49761
4182904
51682
50050
4135063
51490
54082
3988305
51586
50978
4177273
52802
49474
4124470
53026
50337
4171481
53730
53282
4147127
52162
50082
4173337
53250
53314
4110710
51490
48769
4163864
50914
49121
4155287
50242
50434
4149048
51074
49410
4139799
52162
48354
4156216
53282
49826
4082997
50882
52642
4173944
51138
51490
4156248
50561
54018
4175609
53794
50018
4107638
50338
49250
4175736
50530
48994
4185977
51106
49058
4163320
51650
50370
4127543
50658
53794
4164344
50562
52322
4153464
50145
52226
4133015
50114
49314
4161208
49762
50305
4130902
51074
49154
4129559
53154
51490
4079445
52226
48418
4113911
51554
50626
4172824
52418
50306
4146008
53185
51234
4102358
49570
49857
4134455
52994
49154
4155928
50370
47777
4158327
51810
50818
4124791
51906
48738
4157079
51746
50466
4182489
51074
48834
4169016
50786
51554
4138775
51330
48578
4158647
50465
56994
4180921
51618
47330
4161944
53634
49378
4175225
51970
48897
4123926
52322
49537
4144696
51586
51234
4175800
49346
48706
4190169
50018
51234
4145175
50945
49538
4184345
50530
50210
4188697
50626
49282
4134487
50913
49346
4167928
51713
49634
4176344
51042
51138
4169272
52642
49153
4166552
54050
49698
4000146
51650
49601
4024082
52194
50081
4142775
52257
49410
4177464
52066
54498
4147064
51202
51906
4167928
50945
49602
4194681
51426
53410
4121782
51874
49186
4164856
53858
50210
4170520
50594
49730
4190009
50466
51170
4169464
50178
51618
4165272
50530
51458
4179992
50434
48770
4143992
52194
53250
4147255
51777
49410
4125558
52546
48418
4179320
51490
50434
4172920
52194
49505
4179289
50530
50913
4132023
51746
48194
4174072
50914
50369
4160119
51490
49442
4140183
52482
49634
4152951
53378
52002
4096918
53570
54210
4170552
50626
50530
4184441
53346
48386
4141911
52258
51234
4122071
51713
55714
4133815
50626
50370
4179033
50882
52066
4150583
50497
48482
4190841
52162
49122
4107382
54146
50465
4167480
51906
49730
4135959
52193
48834
4153624
51810
49762
4155160
53442
50529
4168824
53026
49537
4154039
52322
53922
4147159
52258
49538
4168920
51458
53282
4134358
51426
49121
4148215
52418
54530
4171128
52098
49474
4187801
51746
51394
4181624
53346
50754
4152184
50626
49090
4161463
53186
50722
4085525
50530
48001
4154839
51586
53505
4138647
51522
51458
4175320
49698
49122
4187833
51394
49442
4187513
52322
48738
4149400
50882
48738
4160856
51362
47426
4165624
51778
48386
4189913
51778
48642
4148600
51266
48705
4092501
52609
48546
4177912
52674
51329
4178361
51202
49794
4126806
51202
50658
4181881
52002
49090
4189048
53410
50562
4178137
52578
52226
4146615
49729
51714
4188025
50850
49121
4077909
50658
48609
4175704
53762
48289
4130230
51682
50562
4179609
51426
48866
4180600
52546
48674
4100982
51138
48898
4123830
52738
49474
4180985
51810
50306
4182905
51009
50178
4179897
51874
50241
4150232
51202
50402
4181720
51458
50145
4177304
52162
48066
4187768
52162
49986
4140215
49826
50498
4151160
50466
50530
4172152
50114
48385
4197050
51202
54850
4137239
52802
54274
4172184
51521
50434
4185177
49986
53570
4178072
51234
48674
4163224
51554
54914
4168344
59170
55491
4122294
58050
51362
3927023
53986
52130
4098422
52290
53026
4183064
52482
52066
4172313
52066
50562
4196377
54146
55106
4051284
52802
55042
4140983
50114
54690
4178616
52034
51394
4189401
51746
54946
4155768
52130
55170
4169432
51618
55042
4180761
51074
51458
4186329
53986
49698
4145975
51746
51394
4177017
53282
49602
4057588
52098
50273
4087893
53794
52322
4127798
52385
51266
4176889
53410
48930
4177720
51618
50242
4179033
53666
49442
4167800
53378
51074
4174713
54786
50082
4182264
53954
51042
4153175
53442
50178
4152760
52514
53858
4179640
50658
49345
4181849
50626
48930
4185816
51042
48354
4130903
53666
49858
4098677
52098
50082
4183481
51330
54338
4179896
51682
53730
4142615
51522
51298
4175640
52322
50562
4183705
51330
51074
4173048
53217
51586
4155224
51522
49442
4193881
52578
49858
4135767
51842
55970
4170392
52961
53922
4133975
52738
50945
4183225
50658
51554
4193433
49954
51457
4182712
51905
50050
4156920
50146
50722
4187225
53314
51682
4155639
52610
49537
4182553
50946
51874
4155480
53282
55138
4151736
51746
49986
4185945
51394
49602
4188121
51554
54658
4119958
51074
49570
4094133
51713
51522
4137271
51170
51682
4178073
51874
49794
4153367
50626
50594
4163384
53506
51682
4077397
53153
51010
4183417
52610
50146
4157687
50817
50177
4168249
53890
50498
4178296
52194
50466
4179033
53762
50145
4157304
51106
49122
4179993
50946
50017
4183960
52322
49954
4184664
52994
56002
4096661
52514
50562
4177304
50338
50402
4171032
51458
48738
4162360
51234
51266
4117398
51234
50497
4142743
52706
49378
4183001
50626
48962
4160568
52930
48674
4117207
51266
51010
4177944
51938
51138
4058996
51457
51394
4165752
51713
51266
4160568
52450
51042
4168312
50274
50530
4155960
52610
50145
4182553
50882
50082
4123127
51458
53730
4167928
51297
50722
4178073
51010
50690
4184633
52994
51042
4155032
51650
49762
4184281
50881
50530
4180856
54498
49186
4188345
51074
51202
4161464
51042
53474
4168760
50850
49570
4160727
51906
48098
4156504
55522
49921
4131063
54082
51202
4177401
53410
54818
4165816
53794
48449
4178713
52578
49538
4090933
52098
50017
4176217
50658
50530
4171672
51297
51553
4108758
55298
50690
4135255
51970
48354
4179545
53730
49506
4045428
54850
49602
4145943
53986
48802
4145047
52130
50850
4181561
51458
50306
4171352
51714
50530
4182520
53218
49185
4150360
53090
51330
4174968
52834
50914
4171192
50817
49954
4167992
52930
53922
4128951
50210
49794
4172056
50850
48962
4184633
51266
54018
4182328
51137
48610
4155416
51106
51010
4175512
51041
48578
4159000
52098
48546
4173496
52962
51330
4134487
51490
50114
4156184
52898
47938
4175929
52450
50017
4177145
51969
51138
4086742
52994
50145
4176120
53058
48162
4184793
51522
51106
4185913
52290
51170
4149783
51298
49954
4161560
52066
54370
4169912
52386
54114
4188825
52898
51458
4156695
49794
47842
4161592
49698
48706
4178200
51073
50722
4156760
52642
49186
4148855
50594
54690
4176825
52450
50242
4164440
51586
51074
4181689
51746
48769
4156248
52642
55714
4170328
51841
51106
4194137
52642
51074
4177848
50882
50402
4155320
51362
51362
4213370
55874
56770
3944976
53633
50626
4130230
52258
49634
4111766
52706
49762
4091925
51522
50785
4151063
50434
50146
4109206
53634
50273
4144600
53602
51138
4147671
53826
51489
4167544
51362
51330
4048244
50530
51650
4121814
50850
50050
4142455
51841
50882
4175033
50530
50785
4180505
52897
49154
4151256
51810
52417
4177592
52418
51618
4115318
52546
50306
4153303
53026
50594
4130711
50946
49986
4173336
51618
50658
4185528
51490
51137
4154775
51330
49793
4052147
52322
51201
4170200
54178
50946
4178040
50465
51426
4157080
53602
49889
4105782
50210
50242
4153624
50434
51362
4078709
50754
50306
4141207
51586
50754
4109782
50466
51458
4106550
50626
51042
4181528
50754
50210
4173273
50753
51105
4125878
51009
51714
4137943
51554
51234
4148887
50786
51586
4175576
51137
50210
4156824
50466
51042
4180345
51010
53857
4131254
52130
48898
4146295
52161
50562
4136951
51298
51202
4145848
52258
51842
4103606
53634
51554
4155191
52226
51234
4137623
52418
48994
4162488
50498
55650
4160312
53890
52226
4151383
50721
49314
4128119
50594
53026
4142167
52066
49186
4192889
53058
50434
4051380
57794
49090
3922480
51650
52609
4147447
52546
49441
4164504
54274
52802
4165752
50818
52290
4143799
53826
50817
4143671
53505
50050
4147447
53954
49762
4178265
53026
54690
4148151
50530
50082
4194233
51746
51202
4137719
52258
52993
4167256
53538
50178
4152983
52450
48962
4177593
52129
50018
4020275
52322
51458
4147096
53634
48898
4151959
53986
49762
4160792
53538
49090
4179544
52002
51554
4146072
52514
48290
4150615
51682
50722
4151864
50082
50594
4113718
50785
49090
4156664
51458
53698
4038899
51265
49666
4187225
52642
51009
4112854
50402
50658
4149207
52034
52066
4113526
51330
52834
4156280
52706
52546
4155128
52770
48481
4184057
51426
48738
4103318
51906
50114
4119542
51874
50082
4123031
51746
50466
4141047
52514
49410
4146775
53026
51426
4102518
53634
49762
4168312
51522
49506
4185113
51650
49154
4140375
52226
53858
4175256
52258
48386
4179352
51457
51458
4129175
52450
50754
4128919
51201
50786
4136343
52258
51490
4141495
52290
54146
4090485
53602
51170
4117462
53122
54338
4089622
50946
54338
4164824
51106
50658
4096502
53218
49794
4106934
52002
53026
4133143
52866
50145
4183481
50658
51810
4188857
53442
51586
4126838
53218
48834
4178520
49985
50466
4111734
53218
52034
4170264
53090
50434
4138743
51906
49442
4124502
51938
49826
4172088
53570
49282
4158519
52290
48290
4086069
51233
50018
4165880
52034
51362
4117622
51041
50498
4139383
52450
51522
4102006
54050
49666
4137143
50882
49634
4155288
53506
49538
4173240
52546
51938
4099670
53282
49378
4178072
50594
55042
4114198
51202
50594
4177176
52130
52482
4079381
53858
49569
4151639
51938
51394
3982705
53538
53186
4143351
51906
48738
4143831
53538
48930
4140439
53986
49922
4107734
51393
50274
4178329
52546
49218
4148119
51938
52578
4180249
52226
53346
4138455
51650
55138
4172473
51714
52002
4137751
53858
50274
4156856
51362
50306
4173944
51137
50082
4179737
51586
49569
4154008
50690
50434
4110998
52802
50466
4141047
53282
50178
4165944
51362
48994
4134711
52162
51586
4134551
52706
49314
4191097
55682
51810
3985937
51490
48930
4151991
50625
49474
4171256
51746
49026
4170456
50978
51009
4152695
52834
48994
4141975
51778
48898
4170648
53442
48898
4166840
52386
51042
4184952
52866
50626
4122967
53250
49314
4166968
51106
52738
4172409
51842
49153
4184249
53026
53314
4143832
52482
49442
4174040
51874
51874
4151415
50689
51586
4185049
50274
49250
4161527
51874
48354
4191801
52194
49666
4140311
52962
49378
4163512
53026
51170
4128022
52546
52705
4169816
50818
49441
4170105
51010
49793
4176313
53954
50914
4073300
52578
52546
4158168
51330
49217
4179000
50082
50850
4162680
53186
49026
4142711
51394
49762
4178105
52802
49506
4172024
53666
50466
4156376
52706
51618
4130390
53666
49122
4150487
52834
48417
4179384
50561
54626
4150775
53186
51714
4118902
52898
49089
4165624
50498
52705
4172344
51906
49602
4171544
52770
50721
4140439
51138
49442
4182392
52962
49281
4173433
51394
49154
4173464
51329
49346
4154776
50754
48801
4182520
52066
48514
4170905
53154
48609
4183897
53730
48546
4102197
54658
51010
3974961
53218
49698
4153335
52514
50786
4157144
53858
51394
4114006
52962
49122
4163832
50530
49858
4181176
52738
52609
4171928
51778
53154
4148919
53218
49986
4140439
50178
50658
4162872
50978
50018
4152824
53058
48738
4158135
50914
49090
4156440
53346
50018
4186553
51458
49602
4182585
51586
49442
4156504
50786
50913
4165048
53122
51650
4145207
51138
49505
4164568
53345
48514
4109238
50401
48001
4169400
50913
49122
4161784
52354
50466
4176216
53890
51810
4121206
52194
49954
4168952
53538
53218
4127735
52450
49602
4172408
52610
49602
4077365
52066
50114
4178872
52418
49250
4140375
50786
49346
4170488
53153
49122
4150904
52034
50241
4181144
50433
49378
4185273
51970
50177
4183577
52738
49154
4149784
51874
49218
4169336
52290
54306
4149304
53346
53314
4158136
52034
49698
4155832
50914
53090
4178233
51522
51522
4154392
52866
52706
4156568
50434
49026
4160184
52290
49474
4177657
50594
49154
4164504
51682
52450
4146360
51841
51074
4115798
51618
49186
4175641
50978
48834
4184472
51554
51137
4110678
53570
53538
4113654
52834
51554
4161560
52098
49826
4168312
53026
53186
4229242
60162
52738
3796714
54882
51938
4090230
52674
52034
4113334
51522
50337
4138263
52674
49282
4095349
52002
49890
4146391
52034
55106
4074325
51266
49826
4109622
53154
51137
4115030
51649
51138
4165272
50722
51426
4181049
52994
52001
4093205
52290
49250
4118231
50338
49730
4143319
51234
49441
4135831
50818
49602
4129911
53218
49410
4117014
49922
49505
4150263
51106
49666
4128599
52161
49122
4134615
52738
51170
4055316
51650
52514
4147991
53218
51490
4145047
50849
50530
4019219
53954
50082
4115414
51298
48289
4139639
52418
49538
4124950
52482
49857
4143703
53410
49826
4138551
51553
48642
4181177
51842
49314
4156503
52194
48578
4150232
52418
49505
4120278
51010
48066
4145016
50114
48770
4133015
51202
50306
4149623
52034
49058
4127415
51202
48706
4162040
52450
48833
4149783
51394
48034
4150968
52866
49634
4059700
50530
49602
4143352
52674
53474
4130039
51458
52162
4099829
52834
49281
4112470
51970
52066
3909902
53442
48066
4131447
52354
49122
4148791
53154
49410
4128087
52897
49122
4143415
51842
52194
4135863
49506
48002
4157880
54242
48898
4097046
51010
52066
4121590
52642
48258
4140919
52610
48930
4142903
53474
49378
4108790
53282
49378
4153975
51362
49890
4142360
50402
48674
4150840
53346
49794
4098325
52898
48833
4136503
51074
49250
4152887
50658
52706
4138231
52258
50498
4135287
50882
49122
4152536
51650
50146
4143991
51042
50018
4185977
52578
49378
4059380
51170
49090
4138071
52930
53570
3949904
52354
49090
4140695
51714
48930
4111414
51298
49410
4148952
51522
48129
4148247
50914
49154
4173784
52386
48610
4107542
53154
50114
4145815
50722
48386
4186713
54338
49314
4117622
53154
50402
4101366
52386
50370
4126519
53634
49698
4101206
52578
49666
4084949
51746
48802
4115062
52290
48962
4101525
51649
49986
4159480
50274
49537
4152151
52609
53154
4129399
51554
49857
4144503
52386
48993
4140151
52674
49090
4100310
51970
49762
4118807
51810
49794
4120918
51426
51010
4170073
50561
49089
4086741
53250
49218
4117558
50178
50082
4172472
50850
49762
4105525
51650
51906
4194105
54914
51394
4085621
50657
51874
4179065
53314
48097
4100341
51394
51714
4167672
52642
50977
4162967
51938
49954
4090165
53922
50274
4092693
52450
48258
4090773
53570
52962
4091221
51362
51906
3953584
53314
52610
4139511
52450
55074
4129238
53314
49442
4130454
51106
48962
4102166
52962
49602
4099637
52642
48450
4090261
52194
49921
4112598
52289
50210
4164696
51362
48546
4158488
52386
48802
4144119
52898
53602
4048564
53410
50306
4113814
51393
49186
4152472
50305
48610
4136759
53122
50690
4088918
50786
51906
4160823
52962
48674
4086294
52354
49538
4140055
53410
49250
4111894
52994
49634
4134167
51553
52322
4145783
51138
48354
4113174
51202
49954
4121206
53410
52898
4144151
50178
49314
4140087
49858
49186
4146712
51873
49666
4122551
52962
54626
4072437
54018
52706
4082357
50242
49442
4139799
85603
74467
3616516
52066
48834
4114871
51105
53250
4136407
53186
48482
4111350
52546
49218
4115318
51746
49186
4066645
51266
49249
4122294
52322
49602
4155703
51650
49953
4063124
51745
48450
4143415
52066
53538
4108534
53666
53538
4111766
54562
50946
4076373
51266
49186
4101814
53058
49762
4066773
50498
49698
4167960
52962
49954
4068053
50754
49826
4101046
50978
49698
4146488
51970
49762
4167224
52162
49410
4085334
51650
49026
4144855
50081
52098
4143479
50914
49250
4148600
53730
52578
4113206
52322
52802
4108502
50882
51586
4133399
52450
52322
4182488
53250
49858
4062709
54338
48898
4090646
53986
50305
4075028
50946
50018
4150072
52930
49474
4111446
53346
53890
4088374
51874
49922
4102294
52930
49890
4162263
52866
48930
4112310
51074
49698
4102165
50530
49025
4146935
51906
49602
4167384
54370
50849
4092373
50625
52770
4149240
51362
50882
4092341
51682
49825
3757097
61282
50754
3747145
71811
59106
3632356
59138
54082
3882446
60930
61122
3483455
60194
60802
3459038
64290
52962
3628228
57379
52002
3902511
42338
33793
4131159
60610
61090
3649670
70563
61730
2741828
62562
58338
4364831
62114
47778
2814951
53826
38337
3649637
53218
38401
3954448
41986
37121
4184025
46850
95075
4161816
49474
40514
3722632
46466
40609
4080309
43650
36001
4236571
73699
54402
3470014
103171
43586
3912783
47330
37793
4055572
105700
42241
3917679
102148
116069
3828396
106851
60546
3749225
122276
55042
3792139
102211
95940
3843116
106660
144069
3804395
72131
91427
3838957
108804
95428
3556802
113028
51426
3869549
117541
68483
3649061
116132
100452
3789483
57762
57474
3872717
100484
52738
3854445
62466
108260
4130903
53986
33185
3467422
47938
39105
4075797
55714
45793
3944816
48866
39969
4099317
49762
44930
4018291
43266
33217
4193113
48193
36257
4073109
41314
28961
4193177
43297
32482
4422177
44481
28705
3950256
41218
29793
4242138
44417
32481
4222746
44642
32865
4174744
41025
31425
4219545
38242
29313
4292573
39681
30625
4283997
38753
27553
4274748
38626
29409
4250267
39298
27265
4273372
44897
37857
4212794
43009
34241
4201689
39010
28865
4278556
38850
33633
4247835
40257
51330
4228794
38369
31745
4184696
32129
28033
4301213
31489
29697
4449954
34146
31617
4425153
37058
35617
4373311
40194
39234
4362271
41826
39777
4333182
45250
44929
4295260
47618
44834
4188953
52450
52130
4165016
50562
49442
4151416
51906
50082
4216250
50369
50594
4130775
51522
50018
4176600
51426
53442
4189017
52962
48545
4210234
51169
52834
4147128
50722
48834
4189369
50146
49282
4170361
52546
48514
4179928
53122
52578
4135863
52098
49730
4151512
53025
48450
4185497
52482
52514
4192921
52642
52258
4087765
51682
49282
4164920
51714
49250
4074357
53569
50690
4157400
51810
48194
4122166
51138
48450
4132983
52162
48546
4128343
53506
49826
4150328
51554
49986
4110902
51714
49346
4161656
51042
49762
4177336
52929
48962
4202746
52002
49410
4134391
51906
49794
4172792
52066
49698
4161624
51778
50113
4189848
50722
49058
4143223
52033
49314
4175032
52418
47809
4178137
51938
49346
4169080
51714
49506
4080277
51810
49474
4169528
51394
49122
4179129
51394
50338
4193145
49825
49730
4144183
52194
48737
4157367
50977
49282
4181753
53730
48738
4068597
52962
48450
4113975
51490
49666
4113014
52738
49537
4163832
52002
49314
4171352
50370
50210
4139863
51298
49377
4180025
52738
49058
4171384
51266
48865
4196473
50434
48322
4156823
52386
50338
4167704
51074
49826
4164248
49986
48065
4193593
50850
48673
4156951
52066
48706
4161528
51426
49058
4094709
52354
49826
4134135
51266
48642
4143543
53122
48962
4154776
51138
50402
4091093
50145
50146
4199705
51874
48578
4107542
50018
48706
4149752
51778
48290
4085589
50338
50626
4074517
50914
49569
4147736
52258
49666
4165208
51842
48482
4146616
52066
47906
4108982
51874
48738
4086293
51586
47682
4165688
53794
50754
4169913
52802
48418
4188409
50530
48578
4160536
50786
49281
4161431
51970
49474
4153335
52066
49377
4141911
51650
49794
4128534
50754
50210
4169048
51586
49666
4139479
51106
48994
4190488
51842
48322
4157239
53282
48834
4160472
52322
47394
4149111
50594
47586
4192377
53154
50914
4143671
50370
48385
4140119
50913
49442
4163096
50242
48289
4194137
52226
50306
4058196
50369
49698
4177273
50850
49986
4167576
50881
49026
4199193
52098
47969
4072501
52098
49217
4165880
52962
50786
4137271
51138
49793
4165976
52738
51202
4131351
50594
50849
4162648
50434
48769
4172601
51138
50210
4145751
50370
48417
4168600
51490
49442
4171160
52546
49154
4180217
50338
49794
4146295
50370
49921
4165080
51522
47714
4187064
50562
50273
4166360
49922
49186
4168824
51586
49025
4108822
51074
49026
4150551
50690
48834
4158551
51106
48514
4114518
52546
48674
4147255
52194
51458
4022963
50818
51202
4125270
52066
49794
4159448
53250
49986
4167512
51394
51330
4187961
50593
49090
4172600
50273
48802
4177497
52130
49345
4147095
51042
49346
4167064
53410
48674
4142903
52258
48514
4102646
50914
49505
4152536
51010
50434
4180120
50082
49665
4178584
50370
49378
4179992
50338
49506
4183129
50850
50146
4176792
49762
50849
4175577
51426
50530
4119606
51361
51010
4179193
51586
51298
4161240
51362
51010
4161400
49826
49377
4182360
49121
50081
4166328
51650
51554
4071765
51138
51170
4158584
51618
48769
4151063
51490
50018
4139383
51330
49698
4167192
50946
49538
4175960
51394
49186
4168632
51074
48834
4173464
50914
49442
4170168
51937
49954
4168280
52258
51745
4174584
50882
49762
4157528
53442
50913
4145495
51490
49025
4165720
50658
50818
4111062
50850
50946
4164024
51650
50562
4165944
50530
51009
4166040
54018
50050
4020979
54434
48929
4115670
51169
48289
4128342
51170
48610
4163768
52674
48322
4172888
51714
49218
4149432
54114
50370
4155607
53570
48706
4088885
51458
49410
4129622
51426
49890
4165720
51490
49026
4166680
51522
48930
4168376
50626
49634
4172856
55554
50658
4012339
51522
49762
4151063
52226
50498
4161752
52514
51874
4124886
51234
51362
4114166
50946
48546
4162264
52001
51234
4130807
50562
51970
4176665
51138
51650
4152375
51586
51746
4166616
50818
50466
4171704
51426
49634
4170936
51745
50785
4159224
52002
50050
4169496
53058
50626
4164792
51426
50754
4171864
51650
48770
4158424
34433
29858
4402369
52322
50529
4123574
51810
51042
4095221
51490
50914
4102038
53474
52258
4072981
53634
50210
4084885
52546
51490
4094901
51394
51618
4110070
52418
48802
4136407
52034
48290
4147447
52578
51969
4096533
51426
50562
4119798
52482
51330
4123927
51522
50881
4113430
50625
49634
4148152
52417
50978
4131607
51265
50498
4175961
52834
51554
4138871
52130
49730
4142936
52642
51778
4127831
53090
51938
4121015
51777
50402
4132215
33570
30337
4372703
52866
49922
4178648
52514
49794
4161720
51522
49698
4168920
50594
52130
4085877
51426
50305
4162904
51746
49378
4171000
51042
48929
4157656
52098
49153
4175641
53122
49442
4162488
51938
49441
4169945
51874
49506
4173208
51585
49730
4172185
51522
49826
4171352
51394
49921
4170777
52034
48802
4170072
51905
49442
4186009
53538
50722
4052596
51490
51041
4129686
51234
49122
4165816
52450
50658
4129527
52417
49730
4159224
54658
49762
4136663
53890
49538
4117910
51138
50594
4139959
54050
51458
4136919
53282
51746
4115286
51522
49601
4142103
52226
50434
4132630
52994
50946
4054644
52898
50497
4129014
51522
48386
4165304
52578
49410
4143671
54018
50594
4142039
52898
49314
4173656
50658
50754
4142680
53154
49570
4150551
50594
48737
4169785
51554
49090
4162520
51042
49377
4165816
51426
49090
4166008
51234
49057
4155767
52482
50946
4152152
52354
49250
4145047
52802
48834
4154488
52418
48994
4168920
50882
49954
4161048
52706
49666
4172536
51970
50082
4129175
52258
48769
4119382
53250
50498
4162424
51778
49026
4149048
51618
50370
4171769
51714
51202
4162616
53570
49058
4082933
50818
50626
4133591
52546
49762
4124278
51874
49186
4155672
52706
49409
4155480
53154
49729
4168665
51138
48322
4171096
52738
51650
4131575
54082
50562
4152855
51137
48610
4174105
51777
50818
4162840
53154
49314
4152887
53378
48770
4164184
51106
49730
4169528
51394
49538
4166072
52354
48898
4151991
51138
48258
4183225
51074
49697
4164568
51202
49314
4152664
50626
48962
4170584
51682
48385
4178489
50722
48898
4143543
51522
48322
4159096
51330
48322
4140983
52706
50210
4090933
51426
50082
4145144
55746
52034
3982769
50978
49025
4145239
51010
48898
4167704
51074
49890
4167000
51010
50146
4165784
52930
51778
4163064
53122
51202
4165560
52418
50978
4127479
51330
50306
4164184
50626
48386
4163608
52578
48770
4170296
49186
49218
4171385
52322
48514
4175160
51233
48962
4172856
53634
50434
4172088
52994
50145
4163287
52354
49442
4159288
51137
49217
4160248
51298
51042
4169560
52034
51842
4108054
50626
49410
4148632
52162
48578
4167032
51618
51458
4195225
48834
41474
4009362
54370
51362
4116503
53954
49601
4073300
53346
50946
4105110
53186
49730
4085717
51714
48866
4116118
51329
49538
4113814
52674
51458
4125399
51618
49826
4135511
54082
48866
4126999
52706
49826
4065493
53378
49730
4081301
54146
49890
4082421
53090
49217
4117974
51714
49378
4075477
54210
49730
4068628
51714
50370
4160696
52162
49186
4178200
51362
50658
4166040
52610
48674
4127639
51426
49378
4166776
51458
51138
4172472
52098
49570
4131543
52194
49762
4144727
51202
48386
4123255
54722
51682
4066964
57890
53025
3991153
55746
50786
4074997
54658
50050
4077781
54402
49666
4103062
51938
49506
4129942
51810
48258
4132215
53794
49410
4129047
53730
49569
4138711
52705
50082
4134967
51618
49570
4135703
51010
49473
4142743
52834
49538
4142839
53186
49026
4139607
53250
49122
4134551
51810
49121
4143703
53185
49314
4054836
51586
49538
4123383
51298
49218
4133303
52482
47745
4139959
50753
49218
4146871
50914
49377
4137559
51841
49794
4169592
53730
51010
3979249
52738
52866
3978801
51938
52354
4131255
54498
50114
4131927
53058
48289
4170969
51522
51458
4161400
51074
48930
4158551
52418
48578
4169016
50850
50530
4169080
57794
94403
3898350
45953
38082
4113174
52546
55810
4084853
51650
47554
4140023
52482
48226
4151448
51265
48290
4163160
50946
50721
4132823
51777
49218
4159384
49698
49314
4171321
50274
50754
4139255
51618
49857
4133942
49762
48386
4168312
52034
49986
4168088
52258
50306
4173848
50177
49410
4169016
50274
48386
4175704
48449
49282
4167320
51618
50018
4083189
50561
48194
4168600
51394
48898
4170136
52226
49602
4165336
51362
48705
4175288
51777
48770
4162584
50241
49634
4175705
50754
49762
4171576
51297
49634
4175737
52066
50882
4160632
51649
51714
4142135
50882
48546
4138039
52034
48994
4175993
52066
49890
4164632
51074
49538
4175928
51682
49858
4166136
51554
48930
4171928
50466
49282
4180665
51042
49890
4138423
52930
49153
4165784
52674
49410
4166168
52546
49442
4163544
52898
47618
4169464
53346
49762
4169848
50754
49154
4173656
53314
49346
4102614
51650
51234
4134455
51682
49089
4158551
50690
49090
4173176
51873
48898
4169336
50082
49218
4164952
53282
48834
4163384
50465
48961
4173785
51394
49186
4175832
52130
50050
4174297
51970
54370
4172696
51426
49346
4179736
51202
48290
4173912
51842
49890
4170520
52866
48706
4172408
52386
48929
4158167
53442
49666
4142455
51298
49537
4132758
52258
50018
4086037
51394
50242
4166232
52834
50530
4133207
51682
49218
4145207
50786
48194
4148440
51457
48290
4155992
52482
51042
4056692
52450
51234
4128503
51650
51810
4136215
50881
51810
4127319
50498
51522
4137815
51074
50210
4150871
42465
41505
4291548
53826
52738
4024435
54050
50401
4109910
52674
52002
4061748
50626
50370
4144471
51234
51746
4130039
53314
55970
4143223
52290
49538
4174681
50626
50402
4148151
51618
48866
4157624
51202
49346
4182936
51778
50498
4150392
52802
49122
4168440
51074
51297
4132054
51970
48226
4161400
50658
49250
4177336
51426
50753
4151415
51522
49698
4149271
50498
48225
4175928
52994
49410
4084085
52546
51266
4154936
53666
48514
4117174
51394
49825
4135319
51649
50594
4129974
49666
48866
4159192
51970
50210
4156920
53506
49922
4163928
51362
52514
4142775
50626
50722
4142103
51042
48321
4152504
53218
49761
4161687
51842
48706
4168536
49793
51330
4145911
51938
50274
4122263
52898
49506
4166776
50594
49793
4169656
52930
47906
4171800
49954
48866
4177817
51522
49570
4170936
50337
51458
4149880
49666
49282
4169816
51938
49825
4166200
50338
50626
4146871
52098
48770
4161303
51458
49089
4067029
51938
52418
4119446
52162
49954
4160760
51458
49058
4178264
53442
50082
4170168
50882
50753
4131702
50274
50658
4122167
52706
48514
4166040
51330
50050
4172313
50978
48898
4172824
51778
50401
4163480
50914
50370
4152727
50273
51042
4141879
53346
48034
4163896
50658
49122
4144312
51682
51490
4120054
50594
50882
4133815
52258
51394
4125879
51138
51810
4123158
50658
51650
4127127
52802
49858
4154135
51842
51873
4144055
51618
49314
4150999
51810
50625
4138199
51393
51234
4050260
51746
50114
4133207
50882
50306
4139575
49858
51298
4133974
49666
52194
4186393
53058
49953
4073684
51234
49218
4154552
51490
48610
4171160
51074
49378
4165944
51745
48098
4171832
51170
49314
4175353
52386
49378
4170296
50786
49793
4172537
50178
48930
4171672
53538
49762
4156792
51490
49378
4163672
49889
48002
4173561
49346
48546
4178200
51873
49058
4177561
51074
50369
4142743
51234
48289
4170168
51266
51490
4140503
50625
49666
4141335
50498
51138
4133367
53346
49281
4161688
50338
49090
4090070
50434
49058
4168792
49602
49570
4165368
50210
52194
4152727
52098
52386
4111222
51169
48802
4144791
51618
49890
4131190
52002
49666
4148600
53250
49474
4110454
52962
50210
4151704
51746
48354
4169496
49570
51362
4154584
50370
50337
4160279
52034
48514
4161592
50242
51618
4146775
50178
49218
4154136
53122
50370
4107702
51042
50081
4136279
50402
50114
4137335
50242
49506
4156600
51266
49506
4176824
50914
49473
4175897
52098
52354
4128471
51618
50722
4166009
51362
49634
4124150
52706
49442
4092277
51746
48673
4177593
53474
48449
4163832
51138
48961
4171032
52226
50466
4148567
50882
51522
4132759
50786
51009
4160183
53986
49538
4101718
51554
50914
4149655
51266
52290
4123639
49985
50242
4150168
51106
48194
4161144
50530
49506
4142679
51202
49538
4149495
51842
48962
4164824
50626
48802
4175640
50050
49249
4174553
51042
48514
4178552
51010
49122
4180089
50402
51042
4137271
50786
47586
4161720
50978
50017
4147095
49634
48738
4164152
50978
50882
4144951
50274
49826
4084149
50978
47810
4168120
51906
50786
4164728
51202
49218
4137559
51617
47778
4170424
50530
48002
4184953
49825
51234
4169272
51746
49026
4144855
52034
48642
4171320
50210
49474
4179193
52194
49378
4172312
52194
49602
4152792
51874
48354
4170584
52290
49858
4139159
50786
50978
4165560
50274
51490
4108950
50722
49634
4132919
52578
49442
4162424
50690
50210
4167384
50754
50146
4097909
50498
50338
4141623
50337
49314
4141847
49922
50241
4166648
52162
48641
4094261
50626
53442
4169080
51266
55522
4088885
51842
49633
4163832
53122
48898
4118486
51202
49921
4134391
51106
51618
4142903
51618
51938
4166137
53570
49442
4117110
52162
48770
4182073
51490
48513
4182265
50945
50562
4165976
51010
49474
4134679
52482
48610
4166680
51234
49633
4170968
50754
49602
4162264
51330
49410
4165432
50082
49090
4175448
50594
50946
4145720
50882
49634
4161528
49442
49602
4176281
52578
49218
4089557
51009
49058
4172504
52450
49026
4172312
52898
50369
4163159
50370
51426
4137495
50177
49442
4164280
52450
50338
4049812
52546
49858
4155543
51650
50370
4162104
51234
49026
4169240
51362
48769
4167736
50082
49026
4179896
50626
48129
4168888
51234
49666
4172504
51362
49122
4160375
51458
50562
4171096
51042
49666
4156759
51458
47490
4172088
49794
48450
4183736
52034
48962
4150871
49794
49826
4169305
51810
49154
4172248
50113
49378
4166264
50178
48322
4166264
50914
48898
4147671
49442
49122
4166648
49858
49090
4177080
54050
49410
4108277
52386
50178
4166392
50754
50658
4141399
52546
50498
4037139
52834
51778
4110358
51266
47938
4155032
50754
49410
4176440
53794
49922
4110326
50978
49634
4120118
51778
48449
4141239
52322
51010
4147383
50146
48674
4110166
50978
49698
4136887
51329
49154
4173305
50530
50018
4174392
50817
49602
4179257
51426
50113
4117238
51330
48738
4156311
51106
50113
4145655
52770
48834
4124695
51042
50562
4127895
53026
50274
4133623
52066
54242
4160440
51714
52737
4170776
53442
49378
4128823
52578
51169
4153815
51106
51426
4138935
52130
49410
4181529
49538
49154
4078069
50370
50050
4172760
53346
48290
4096118
51041
49314
4175417
51586
49570
4088374
51458
48386
4166168
51554
49698
4164888
51746
48546
4184441
50241
49921
4132119
51426
49954
4149944
51329
51298
4135511
53122
48354
4192057
50626
51330
4105398
52802
49346
4126039
53026
50562
4162072
50305
49954
4182840
51106
50273
4140855
52034
49026
4174041
50914
50498
4147288
49121
49282
4166296
52866
49602
4171576
50561
48098
4137815
50370
48033
4174073
52034
47650
4189337
51650
50594
4117495
51458
49090
4059700
52738
49921
4138007
53121
48930
4179193
51714
49186
4118934
50722
50498
4134007
52002
49538
4136406
50818
51458
4085781
52226
49186
4125526
51650
48898
4163768
50050
49122
4167768
50658
49858
4190937
53697
52226
4099701
50114
50914
4134071
52834
49218
4162616
52098
49730
4178745
53282
49634
4159480
50466
50850
4144056
52130
50402
4143607
52610
51233
4093109
51714
48994
4139287
55362
50242
4156887
49762
51714
4154136
52002
48578
4155063
52258
50850
4079093
53154
49922
4081461
50690
49506
4164504
51970
50882
4117558
51394
51842
4130679
51201
48674
4164600
51266
48642
4164888
51874
49506
4191065
50210
50178
4120951
51266
49826
4161432
52065
51298
4141239
51618
48834
4098070
52098
49538
4126550
51010
50338
4129719
50145
50018
4164056
51650
50658
4131319
50338
49153
4160120
52578
48993
4172185
51362
51490
4143639
52162
48161
4109878
51906
49313
4118870
51906
50081
4169624
51810
49762
4165304
51618
50338
4163352
51938
51330
4084213
51073
49346
4139415
51714
50402
4066837
52354
50113
4097717
51970
50914
4120951
50529
49090
4140439
51234
51682
4129047
53858
48769
4187737
53986
51874
4062933
52386
51138
4122070
51298
49218
4125590
51298
51138
4104694
52066
50914
4172217
50754
52290
4136215
51746
49090
4156567
51522
49634
4116950
50946
50274
4121942
51714
47682
4159800
52226
50626
4143927
51042
48578
4190777
51074
51650
4107286
52194
52162
4132535
53058
51810
4120086
53410
48001
4106165
50818
50786
4141495
52226
50881
4132758
52962
49314
4161592
53026
79683
3966128
51714
48610
4160504
54338
48993
4108470
52002
51810
4073237
50497
51266
4104278
50850
52226
4121847
50785
48962
4164216
52034
51522
4140631
52769
47265
4137495
51074
48418
4130775
50178
49634
4164504
51874
50114
4157048
51778
49250
4195097
50082
49697
4140599
52002
51810
4078485
50658
49314
4165752
50722
48578
4198201
52161
49601
4081332
54178
49378
4084341
51330
49378
4165816
51778
50274
4189112
51554
50210
4140407
50242
51874
4149912
49442
48610
4165752
51522
56674
4051155
50530
49730
4163096
51234
49953
4171993
53058
48994
4115510
51298
48833
4171609
52962
52098
4085557
50882
50370
4160023
51266
49282
4152952
51746
50274
4194617
53154
51714
4090710
51426
52322
4131319
50242
49154
4166616
50658
49954
4197177
50434
51682
4093046
51042
50722
4135415
50786
49697
4169817
51074
51554
4099958
51874
51010
4126294
51266
51458
4133911
50145
52514
4138391
49602
50594
4170776
50050
50081
4160503
51650
52001
4142999
53538
49826
4153911
51362
48193
4206042
51906
52450
4051060
51586
50178
4163864
51010
51170
4131095
53282
49634
4127895
51969
49345
4156984
50849
49730
4170457
52226
52162
4139095
50754
48002
4146104
50817
48322
4159672
52130
49410
4172984
52130
52258
4144151
50914
49473
4133719
51266
50562
4160216
52322
51618
4135703
51522
51202
4140471
52354
48609
4120694
51682
51649
4131031
53154
51042
4131703
50050
51105
4132566
50946
50242
4101622
51842
52578
4129814
50978
48674
4167320
51778
50242
4160888
50626
51778
4102902
51394
51682
4123254
51169
50913
4060756
53346
48994
4147191
50754
49986
4104918
51970
49218
4140791
50913
49666
4113430
50882
49378
4133847
51266
49857
4101302
51553
51362
4155160
49697
51202
4175929
54114
49474
4169976
52418
50018
4082901
50018
48610
4158936
51521
49122
4177145
50434
52002
4131063
52866
48737
4132086
51938
49249
4147160
52162
51490
4128823
50817
52193
4164440
50306
49762
4133847
52066
48929
4130230
52802
48802
4164760
51074
51234
4168952
52514
49442
4102038
50690
52578
4120150
52642
50466
4093174
51330
50946
4136887
53506
48258
4137399
52161
52481
4155991
51426
51394
4174424
50818
51618
4138071
50978
50978
4109526
51394
51041
4128150
50466
48226
4163448
50882
52322
4168152
51682
48930
4124982
53090
49090
4121174
52194
49826
4125078
52130
48866
4143863
50146
49825
4129463
51138
52002
4135703
51458
49954
4152152
51842
49250
4128375
51266
47874
4129271
51202
48929
4136951
53218
49026
4160056
50434
50530
4170009
49666
48353
4123767
51937
50882
4132502
50306
49666
4136599
51266
51842
4063604
52290
48674
4093430
52802
48258
4123702
52706
48898
4124823
54210
49794
4142967
51298
49794
4106742
51842
49666
4116918
51906
51234
4151448
53250
48674
4174680
50242
49538
4129111
51714
48770
4142519
51426
52162
4158391
51522
49794
4176664
51202
51874
4083285
52450
49442
4134359
53122
51490
4122006
51778
48097
4175801
49794
50722
4136567
51970
51522
4130903
51810
49794
4143927
53058
49890
4165368
51874
50338
4115959
51330
49793
4106677
53570
49250
4170040
51682
49090
4133814
54434
79043
3993714
50850
51554
4147031
51970
51490
4169176
51873
52961
4160407
53282
49090
4131639
51618
52546
4153847
50562
49538
4151927
50818
48578
4152471
49282
50178
4110646
50529
50914
4157688
51298
50594
4148696
50145
51266
4162808
50434
49186
4137623
52930
48897
4142839
51297
50850
4128311
52418
50786
4113750
51329
49122
4130774
51362
50722
4127287
51874
50082
4144183
51585
51362
4175193
53794
49410
4139287
52802
49570
4122263
51522
52162
4139575
53122
51842
4161720
52290
50146
4135159
51714
49314
4100182
51586
51649
4146423
52610
49377
4166968
50818
48194
4127447
51810
50369
4160856
50946
49570
4151191
51554
50722
4157463
49954
48354
4133143
53090
50530
4157751
50466
52098
4132919
54178
49602
4164888
50946
51074
4124790
52770
50721
4148311
52802
50977
4164440
53730
49794
4175768
50082
52066
4124630
52226
52578
4128535
50658
50178
4171064
50594
48673
4177209
51842
51906
4140887
51682
51713
4114422
52065
52290
4157272
50946
50082
4162552
50370
49666
4143575
51458
51778
4083509
52130
48898
4172600
51233
51362
4170585
52290
50562
4131095
50562
51457
4161656
52866
49890
4173624
51201
50946
4171256
52802
49986
4140279
51970
50881
4127222
51714
51842
4160952
51970
49090
4177432
49730
52322
4126743
51842
51458
4150327
51073
51490
4174777
50402
48193
4181241
52930
49729
4142775
51105
48898
4140919
51042
49922
4163256
52450
50914
4165976
50882
50594
4143831
51938
50786
4122007
50434
51490
4138807
51266
51042
4162104
52258
48962
4140119
50882
51586
4149080
52386
50402
4088309
52386
50049
4173560
50433
48482
4139223
52290
51426
4141719
51266
50050
4168312
52354
51042
4141207
52770
50882
4136375
50498
51330
4119830
54146
48993
4169720
51618
50401
4129047
53858
50882
4120855
52098
50978
4147927
53058
48609
4165112
52962
51746
4165592
52002
47362
4139543
51170
49698
4167448
51714
48962
4161591
49058
48353
4184249
49857
49378
4147160
51106
52002
4156632
53313
49794
4174712
51906
51234
4163704
52962
48994
4147927
52898
52610
4125399
53026
48834
4173144
52706
48961
4092694
50562
51074
4143159
50786
50626
4155000
53634
50914
4165240
53186
50785
4160567
49986
49537
4150007
49890
51074
4141367
53186
47522
4169592
50274
50594
4175544
53378
49538
4131639
51714
49922
4116022
51490
51906
4139831
52834
50594
4143447
50434
51778
4139351
51810
50914
4153047
51138
48866
4179961
51362
49762
4163128
50978
52066
4119191
50562
52386
4124694
52258
48898
4167064
50434
49154
4163160
51586
52194
4142391
50689
49186
4128535
51873
49890
4131478
52418
51202
4082901
50946
50177
4094997
51073
48994
4118358
52002
51714
4091701
50498
48770
4162936
52226
50274
4146295
51810
49026
4127255
52897
48354
4152952
52353
51746
4168856
51906
50786
4143479
50626
50562
4126806
52450
49314
4154808
52418
49185
4132343
50914
52002
4121751
51618
50146
4150167
53058
48450
4164088
50850
49250
4103381
50881
75779
4044883
52802
50338
4142903
50946
49634
4174904
50434
48737
4176632
51618
48129
4134006
50754
47554
4166776
50786
48802
4171896
51426
49922
4161912
52546
78659
4065076
51522
50242
4124535
51554
49378
4177400
50338
48962
4165592
51170
50946
4143063
50018
51874
4154328
50434
49282
4167832
52866
48641
4167032
50946
48770
4136087
51617
51522
4132534
53506
50690
4166648
52098
49826
4174360
53953
49089
4112598
52130
51425
4126550
52546
49826
4163960
52066
49346
4165496
51970
49410
4137303
52258
49026
4114198
51842
49601
4166328
52546
48385
4175608
51842
49570
4134166
52290
50050
4166072
51041
49154
4145943
53602
48930
4159864
51073
50050
4140599
51170
48481
4094838
51554
48194
4154455
52034
48641
4139703
52994
49921
4127895
52610
49666
4168280
52962
48866
4163576
52706
49761
4166648
52610
48930
4110902
51106
49537
4129719
50946
48386
4131735
50785
47906
4168824
53026
49634
4133047
51586
49442
4189721
52162
48642
4073621
54114
50274
4113878
53026
49826
4127063
52770
49666
4110518
52994
49761
4165528
52290
51714
4165688
52130
50370
4131894
51778
52130
4133623
52546
50786
4140151
52930
49218
4157208
51682
51266
4138263
52834
51010
4080149
50946
49025
4100949
51202
49889
4171128
52770
48834
4141943
50338
49922
4146071
50562
49890
4133591
51265
50338
4174233
51362
47426
4139863
51426
51426
4159896
53314
50242
4167192
50914
48610
4167992
50818
49025
4138135
51554
51137
4132854
51330
51618
4159800
50562
49986
4172600
51426
48705
4138231
54018
49313
4129014
51426
49666
4169528
52962
49346
4177272
50689
49666
4140631
53218
49378
4133111
52002
48994
4179833
50402
48770
4172120
52993
49186
4131670
54626
50337
4121271
53730
52033
4022706
52066
49474
4161144
52290
51522
4132599
52034
50722
4158328
53506
48802
4170712
51746
47649
4173337
51074
48514
4143063
51330
51554
4157208
52034
49410
4176856
51362
50466
4156343
52738
49666
4143607
52418
49954
4127638
52866
49698
4168248
53058
50338
4166808
52770
50594
4141911
52610
52418
4127382
52482
50786
4158776
52514
48290
4168920
51042
49058
4149624
51394
49602
4173144
49697
49570
4177145
51938
48802
4181721
51777
48706
4143287
51426
50338
4165112
53410
48738
4170232
51777
48642
4096534
54114
50914
4133079
52482
50498
4130999
52834
49858
4166168
53186
48898
4168312
51106
51170
4129335
51074
50881
4167640
51586
50658
4171384
52065
48066
4177368
51170
49474
4139767
50594
49665
4133495
52738
48802
4173080
50978
49538
4172792
50978
48929
4142167
49858
50242
4145879
53666
49410
4161624
52482
49666
4164920
51234
50178
4101718
52866
50498
4131415
50946
50946
4160984
50914
51106
4170136
52033
50178
4129206
52386
50306
4160472
51937
48130
4170840
50082
49697
4088405
51298
49506
4110806
49442
48418
4165176
53314
48930
4171864
52450
47970
4165176
50370
48066
4134839
51426
51330
4162264
50946
49282
4161976
52642
49762
4172793
50626
50466
4138199
51105
51457
4164600
51682
49154
4176248
52546
49442
4168280
51362
48385
4141687
52450
50882
4162424
52514
49026
4144472
52002
51521
4132855
52130
49634
4131479
52482
50146
4143415
52674
50338
4154039
52290
51106
4172056
51554
50530
4138391
51906
49602
4167064
52354
50722
4172472
53538
48130
4169400
53250
81187
4047763
50722
50529
4143127
53378
48353
4159128
52290
50114
4165816
51586
51202
4130807
52866
49218
4145112
51266
50690
4124470
53506
48354
4162872
51650
51266
4126743
50370
49858
4124342
53282
49345
4151383
52866
50210
4167832
52802
51106
4133783
50850
52418
4170264
51938
50914
4162104
51586
49410
4144663
52802
48353
4140855
50082
48706
4143799
49698
49794
4145528
50498
51010
4159640
52065
50754
4134903
50914
51554
4129719
50146
50081
4166840
50562
48706
4173272
50625
50050
4147000
51201
48993
4065620
50497
50466
4165240
50338
49666
4169688
52194
49506
4122807
50753
48546
4120503
52514
49793
4154999
52802
51010
4161848
50946
49602
4142199
52066
50593
4163608
50690
49313
4179513
52706
48418
4173016
52066
49474
4130839
51938
51522
4153943
52482
50945
4173144
52226
49570
4177080
51746
50434
4135799
51810
51394
4167320
51714
48450
4176473
51618
51458
4166040
52066
51489
4133462
50081
48513
4146999
52066
49441
4169529
52674
49602
4170520
50689
49442
4142583
51074
51841
4087989
52546
51458
4161944
53218
49473
4173337
51170
51682
4140279
51330
52034
4124823
52066
49538
4166808
51042
49409
4169240
50306
51650
4136823
51938
50050
4131671
51650
51298
4161880
51681
49922
4171992
52706
49442
4137367
51714
50817
4160280
50946
49890
4175993
51778
52354
4171896
52802
83779
4091638
52354
49441
4159832
50978
50274
4146264
51458
49218
4150839
53090
49346
4121335
51073
49090
4154296
52001
50210
4170904
52514
47649
4183672
51042
50370
4131094
51042
51234
4129079
51554
50273
4074292
52482
52066
4162296
51170
49570
4144695
51970
51106
4129719
50786
48962
4177304
52898
49441
4168312
52546
49474
4153623
50946
51266
4140503
52738
50050
4176632
51042
49314
4171161
52258
52066
4139191
51234
50850
4121494
51330
48801
4173624
53570
50082
4166872
52258
50786
4133143
51170
48962
4172792
52130
48706
4169656
52514
49794
4163768
51394
49313
4122518
51714
52098
4142775
50465
51746
4165080
52962
51586
4165784
51202
51682
4141047
51970
50370
4137559
52642
49698
4170296
51906
51426
4102614
50850
50658
4139095
51426
50530
4157432
52513
48386
4166008
52898
51201
4165976
50178
50946
4139191
52802
50562
4122262
51970
49410
4141079
52290
51618
4168921
53058
50082
4134871
51458
50722
4117654
50658
50753
4168376
52034
48098
4180280
51682
49698
4120407
50849
52033
4156760
50850
48417
4171193
52322
49698
4147095
51202
76675
4109334
49122
49250
4137943
51842
49090
4174873
52642
49250
4144951
51010
49505
4128694
51618
50530
4158008
51458
50914
4171160
53218
49954
4105462
52386
48994
4140119
51170
50850
4155128
51682
50146
4172024
52866
50882
4171993
52450
51842
4147543
50498
49409
4137751
53090
49218
4156984
52642
48801
4167352
51426
78499
4083765
51906
51234
4151735
52322
50114
4134775
53058
48161
4158615
51202
50530
4135383
50593
49058
4144983
52290
48258
4121719
53121
48545
4159320
53602
48930
4137975
51553
50530
4120022
51042
48257
4164632
51970
48930
4175128
52674
49346
4141847
51490
51458
4158616
51810
49378
4176984
50562
48578
4153368
52225
55202
4013234
51234
49761
4142295
51490
50850
4114870
50946
48225
4166392
51170
48578
4134327
52354
49282
4159992
51426
49442
4165304
52610
52226
4168504
52642
49666
4144535
52322
49186
4129846
51170
51842
4169368
50818
50178
4136983
51394
79875
4110102
51489
49634
4135703
51202
50466
4146136
51842
51138
4165464
51234
51009
4129046
50114
48802
4146551
53282
51874
4144183
52002
49346
4165496
53314
51234
4133239
49698
50402
4165656
50689
51170
4161912
52770
50274
4164120
53314
53762
4123126
52162
51265
4089461
51169
51202
4157752
51426
51554
4160920
51202
48738
4128855
26177
26785
4533829
51650
50721
4176280
52674
49217
4164343
52258
50978
4130903
50434
52002
4153495
50914
49890
4163288
51906
50018
4164472
52514
49569
4139607
51330
49314
4165464
51586
49025
4166232
52322
48546
4163864
50754
75747
4144983
51202
48674
4140439
52258
51937
4161879
51906
49794
4174072
52290
81795
4130647
52225
49666
4128183
51649
51681
4161272
52642
49890
4168344
51329
76259
4125366
51586
51458
4077845
53026
50817
4155000
52738
51169
4167128
50050
51202
4135319
51234
51554
4158103
49794
50178
4176248
52129
51170
4143448
51394
82915
4121079
52450
51074
4163544
52354
49953
4173016
52482
50082
4144183
50978
76803
4124150
51554
49602
4170648
51394
49282
4162968
52578
49602
4161400
51106
82083
4092629
51457
50209
4155960
51618
48738
4160568
51938
50946
4155320
52353
81923
4121878
51202
50050
4135063
51874
51041
4159479
51842
51554
4162392
50882
80675
4135543
50370
50306
4157528
52034
50946
4095733
52098
52258
4158424
50882
74627
4139991
51778
51874
4159160
51362
51810
4169848
53058
48674
4160152
51266
82819
4113782
55874
50209
4106133
52610
50242
4160536
51618
49794
4175608
52066
76130
4133431
50466
51522
4166680
52802
51266
4136503
51330
52066
4168152
51618
76707
4140279
51202
51938
4159736
51585
51874
4170457
52354
50498
4165720
52418
80930
4125974
52162
51554
4160088
51330
51970
4167128
54210
48642
4169432
51650
80003
4132695
51106
49954
4133847
50370
49378
4161144
52610
49410
4087606
51554
80067
4131095
52546
52258
4160248
51426
50914
4169112
52545
48130
4171576
50658
79427
4139895
52994
50754
4117590
50722
49921
4141463
50978
52065
4153015
54242
82307
4136343
50978
48962
4164344
51682
52386
4174297
50850
50498
4173912
51394
80291
4136119
52546
52322
4121942
52578
51938
4156919
51586
50658
4156504
53249
81699
4124726
51906
51458
4156888
51970
51138
4164632
50722
48545
4170105
51202
81379
4149175
51426
50946
4152952
50338
49121
4143927
52866
51138
4091157
50946
84099
4119702
51394
49025
4164472
51234
51042
4167480
52610
48898
4174040
50850
80515
4137751
51746
51298
4168088
50050
49474
4178233
52834
49762
4173016
51042
82723
4124758
52034
50242
4166808
51713
51330
4169945
54562
51298
4155640
52418
85348
4124790
52770
49634
4153304
51617
48482
4167320
51362
50434
4167768
51522
104548
4114390
52354
48898
4156504
52002
50306
4164440
52994
48386
4175961
51458
78883
4141303
52481
50593
4134806
51938
50914
4169688
50402
49506
4178233
51650
57731
4050068
50722
49729
4161528
51234
51394
4164760
50882
51554
4170392
51810
78530
4138967
51298
50369
4132791
50818
50977
4171257
51202
51138
4177336
51234
81955
4139127
51586
50594
4162040
53538
51074
4160855
52034
49762
4170360
52194
83811
4134711
51330
53922
4156888
50753
50626
4168664
51330
49441
4169496
53506
83747
4124823
52194
52034
4132119
52066
49954
4173048
50786
52226
4167417
50850
81859
4141111
50945
50146
4148376
53345
50082
4158648
49634
49794
4157752
52930
82019
4111286
52770
48290
4100885
50722
51746
4166904
50562
51234
4175992
52130
81539
4158296
55426
50242
4050708
52642
51586
4143288
52610
51202
4146871
52162
83363
4118550
51970
48513
4143895
51106
48609
4166425
50594
51361
4144759
50306
82211
4128310
51042
49186
4166520
51297
51042
4143575
52226
50978
4143799
50882
85827
4130455
52898
51234
4133015
52674
51458
4166872
52610
48450
4153240
52674
84611
4096662
51938
48898
4137047
52642
50466
4165592
51042
49986
4192409
52226
97508
4091990
52866
50274
4081109
50946
49218
4150936
51298
49986
4164184
51810
87715
4134391
50818
48769
4160503
51458
49090
4157784
50434
50274
4179704
50114
81795
4109366
51714
50722
4162680
50786
49185
4166392
51586
50305
4175320
50402
83427
4143319
52546
48961
4169688
50882
49634
4184760
52962
50370
4178905
51234
87683
4127703
52610
48865
4166456
50370
49697
4192601
50402
48450
4173496
51009
80131
4117014
52066
51073
4163512
52002
49986
4161240
49762
49602
4176696
50402
93571
4121623
51553
49090
4169688
51074
49410
4091030
51138
48738
4144951
50658
88035
4124887
51586
48674
4142903
50466
49313
4172632
50562
48258
4177176
52002
56546
4084469
53122
48546
4163544
51266
50338
4171256
51138
48865
4121654
53890
52418
4075220
52738
49954
4160632
51074
49410
4172888
51202
48801
4116183
50882
78530
4146743
53122
49538
4158840
51074
52034
4144279
52034
49025
4166040
51522
80867
4090198
52354
49761
4162552
51170
51202
4083413
51586
49474
4138423
53346
82947
4109110
51266
51778
4137815
52834
50274
4163256
52898
49890
4041587
51714
79715
4125047
51618
49089
4152791
50913
49922
4175129
50274
48674
4169784
50818
84451
4130551
52802
49218
4164344
50530
50530
4148567
52386
48257
4144215
51170
56034
4115926
53218
50306
4130199
51778
49378
4171608
52706
49954
4175513
51682
56098
4096630
52705
49826
4141687
53954
49218
4159384
51777
49762
4147063
50690
80227
4131415
52290
51202
4163096
51522
52098
4130615
53122
48769
4159959
52162
52226
4052980
52194
51298
4137783
52802
49474
4164792
51426
56386
4080053
51458
50434
4109462
51650
49090
4159512
51106
49058
4150391
52802
49026
4164344
51330
87523
4109910
51490
49762
4168504
52418
48706
4174616
51233
49890
4094678
52929
82851
4125814
52258
49698
4154456
52962
48258
4183800
51106
49569
4171001
51810
75395
4134167
51234
49889
4167928
52994
51009
4125046
51746
49954
4150584
50370
49986
4064693
52065
49250
4164696
51202
50146
4108822
50946
51073
4125398
52898
59234
4111542
51714
48610
4142071
51106
48578
4126838
52482
48930
4164248
51330
52385
3992145
52418
50818
4111414
51778
50178
4149943
51170
51906
4128759
52354
53538
4107670
51714
48834
4132023
51234
51138
4134231
52898
52130
4135447
51489
50338
4089813
51458
50178
4149432
51746
50178
4112822
50401
49954
4098198
51810
49281
4090901
51426
50338
4131095
52994
49666
4149495
51170
51394
4126198
51586
53666
4081237
51362
49218
4152119
50338
50210
4144791
50978
50722
4128567
51394
52706
4095094
52226
49250
4163896
52002
49090
4159384
51458
50242
4120374
50626
51938
4089109
53026
48834
4048052
53090
49090
4159895
51970
48514
4170200
55330
51586
4090453
50882
51522
4123383
52898
48065
4157816
52129
50466
4089014
52258
62210
4123222
52738
49281
4173272
50753
51490
4155896
50946
50466
4141527
52962
59330
4091989
52642
48898
4166584
51682
49634
4126615
53954
50690
4160408
48674
54946
4110582
51713
49122
4165368
50466
47457
4119031
49474
48418
4174008
50146
60931
4071732
51553
49346
4164824
52354
51778
4129879
52418
49858
4158520
51713
81955
4130966
52449
51010
4080405
50082
51874
4124630
53090
48898
4162808
49666
79171
4091029
51522
49442
4165240
51906
49890
4096725
53058
50305
4146680
52738
61602
4103894
52034
49378
4166968
51394
48674
4172568
51746
48738
4165944
51714
54818
4124023
52066
50274
4158295
52674
49154
4170584
52866
49634
4140471
50882
64770
4065589
51490
50818
4137559
52866
50274
4159256
51906
49154
4106230
51010
60994
4099541
51586
49090
4165432
51618
49186
4163000
51074
51522
4131031
51714
58754
4118102
51042
51714
4126103
50497
51426
4091797
50274
48929
4134103
52225
52898
4118934
54242
51778
4144856
51426
48770
4144151
52322
49410
4153207
51170
52130
4100534
51522
49954
4156599
53569
51265
4152855
52098
49282
4135863
51874
55586
4073589
51169
51042
4133431
51970
48002
4160504
51714
51074
4083733
52034
51010
4098902
52130
48033
4122710
52322
50369
4134711
52962
50433
4150199
50337
48225
4104789
51457
48674
4128311
52034
51458
4160280
51266
50370
4129943
51234
49634
4121174
51330
50530
4161304
51938
49154
4176344
52674
49602
4090678
52130
48514
4112438
51458
51426
4135351
54210
49314
4161944
52290
50434
4086901
51970
53122
4092822
52546
48961
4129974
53058
51170
4128727
51682
49858
4138263
52258
52098
4106518
51873
50209
4157495
50530
49921
4167576
52514
52002
4140535
52994
50689
4098453
53602
51009
4123830
50786
49378
4130007
53474
49506
4123031
50594
55170
4092277
51170
50210
4134551
51618
49313
4163128
52322
49442
4162424
52385
55874
4086549
52386
48290
4132951
51618
50690
4078773
52674
52066
4050675
50754
54370
4115094
52162
49218
4167480
52002
50178
4136695
53506
48802
4160152
50658
55522
4060341
51170
50337
4156471
52258
49282
4172696
51169
49026
4162424
52418
56706
4058548
52578
51650
4125110
52642
49474
4181048
54082
50242
4019859
51521
54370
4096245
52354
50338
4161208
53505
48673
4133590
52418
48930
4156184
52674
49506
4132247
50882
49634
4186585
51265
48898
4168248
52066
49761
4167128
52450
53346
4102326
52866
49410
4147352
51554
48898
4180408
52290
49602
4134071
51266
52578
4050260
52385
50625
4112118
53314
49154
4154392
52610
49953
4161783
50690
61282
4122999
51266
48866
4180120
50914
48834
4171896
51874
50018
4156952
51650
63298
4114486
51874
48833
4144919
51170
49218
4117943
50562
48738
4142103
50818
49026
4118198
52546
49602
4159288
51746
49217
4103286
54082
48546
4158136
50946
53314
4115670
51458
49762
4158712
51874
48930
4169912
52738
48737
4167992
51905
53186
4114102
52226
49282
4164920
51841
48930
4167096
49793
49218
4176249
51522
53986
4118071
51490
48514
4094134
51266
49090
4165272
50146
49186
4178488
53250
50082
4127767
53186
48674
4170776
52034
48705
4173177
51650
50242
4161496
51585
53474
4119414
51042
48770
4163544
50178
49410
4176728
51650
48514
4168248
51905
61570
4107830
51330
48514
4168600
51650
48770
4161752
51458
50049
4179833
52001
56610
4113014
51778
49378
4165304
53538
49986
4119958
51490
50754
4164696
53186
51202
4093238
51714
50018
4167096
51970
49954
4163864
52002
50018
4157623
51074
50338
4125911
50978
50370
4088181
52386
47714
4175193
51522
47745
4149815
53058
50690
4118358
52706
48994
4167160
51233
49154
4180025
50658
50082
4154136
52450
48417
4132407
52802
48898
4172984
51426
49506
4139319
51969
49026
4174809
53122
48514
4129783
53218
49218
4153880
50786
48481
4151991
52386
48897
4166393
52386
50690
4120471
53122
50913
4161496
52706
49890
4168664
51202
49250
4154903
53346
49826
4103734
52962
48162
4156120
52770
49218
4160312
51234
49922
4179032
52802
50754
4088118
51745
48866
4167288
51490
51202
4087286
52002
49922
4138551
51970
48865
4084757
51138
48802
4165368
51394
48546
4183801
51618
49090
4173720
51873
49186
4121814
53602
50210
4147032
52354
49826
4166616
51777
49825
4175161
53346
49538
4114454
53474
50370
4154871
51074
49473
4175608
51746
48866
4172952
52354
50306
4136343
53410
49570
4155864
51586
48770
4146679
52770
50594
4159480
51778
50210
4091637
52770
48674
4126294
51970
50626
4160408
51681
50626
4149399
50594
50466
4097237
51650
49346
4156248
51010
48738
4148983
51937
49346
4099830
53090
49218
4119606
53154
51138
4145944
52002
48354
4149399
51457
49026
4142232
51714
52706
4131031
52098
50626
4160920
52290
49186
4180664
52002
50146
4165880
50146
48898
4129335
53218
50530
4158648
53378
49602
4158808
52034
49986
4172216
51074
50530
4091254
52802
50722
4153367
52642
49570
4168152
52514
49730
4138455
52834
52162
4130710
51778
50338
4160952
53185
48514
4144951
50658
49378
4167896
52322
49730
4119350
50945
49345
4125335
51554
50754
4159896
50657
49602
4094166
50850
50337
4098837
51874
49346
4165272
51905
49346
4168344
52130
48738
4154231
51970
59491
4112918
51330
49890
4155031
52258
49954
4173976
50562
49602
4173177
51170
50594
4125943
50465
48450
4170168
50562
49090
4162168
51554
48801
4150199
50978
53570
4123638
51778
49314
4186329
54178
50338
4047444
52866
50466
4135543
51137
49121
4144216
54946
49858
4058004
54690
52002
4036564
51042
52098
4160408
51874
50946
4111478
51234
51906
4166360
51746
51649
4156792
50498
51074
4172633
50306
51138
4052340
52098
50722
4168664
51042
51362
4192569
51618
51234
4159991
49442
63522
4131319
50338
51714
4175512
51746
51362
4146071
50498
51554
4171000
50401
51586
4145496
51970
51650
4155928
50625
52642
4170841
51554
51938
4170776
51074
63586
4135862
52738
50370
4178808
52354
51394
4140023
51234
51905
4174200
51138
64195
4119894
52354
51522
4151223
52322
51234
4131607
51426
51650
4167672
51618
63842
4091445
52162
48834
4145463
51233
50210
4171960
51586
51906
4146904
51266
50978
4141495
52161
47426
4063669
52002
50946
4154456
51138
52002
4187961
52866
56162
4084757
50946
47874
4122294
51394
49442
4141111
52066
51553
4133175
51970
51137
4100021
52194
51106
4139671
52290
48769
4144695
51746
52130
4134359
52130
63586
4076052
51074
52770
4099702
50114
52034
4169464
51393
49090
4160888
52482
63843
4087637
50914
52034
4144887
51778
50914
4140887
51042
51586
4161912
51490
63170
4091253
50914
51426
4138615
52546
50626
4138423
52386
51074
4134775
52162
63746
4069045
53089
48034
4142487
53986
51234
4084021
51778
51714
4134390
52738
63779
4063572
52322
51233
4129110
52514
51714
4150456
51522
52225
4091061
50785
63459
4090677
52962
48098
4137463
51521
48802
4148760
51841
47714
4141271
51074
50722
4110998
51106
48930
4142680
51586
51106
4146903
52034
51713
4137239
50946
64098
4095061
53282
49794
4160472
51074
51618
4170392
53346
50850
4133367
50978
57250
4091286
53506
51745
4129718
50530
51426
4134615
51841
51906
4148184
52162
52513
4074004
52705
52162
4138903
51618
51778
4059285
50082
48130
4154839
52610
57026
4078964
52898
51554
4146999
51458
51170
4129239
51010
50466
4141271
52194
64610
4075124
52322
49026
4130775
51458
50018
4147352
51362
51618
4144951
52162
64035
4077429
52130
50562
4159960
51458
49474
4160824
51682
52226
4155927
51554
64098
4087573
50530
51362
4151639
50658
51745
4167448
51394
51138
4158135
51298
63010
4086165
52353
50433
4158008
51073
51778
4172313
51074
50690
4148247
49346
51457
4135478
52226
51425
4154519
51202
48737
4147671
52258
48802
4060916
51138
56674
4086133
51074
51106
4128343
50274
49794
4129430
50498
50626
4155544
52770
52290
4060020
51810
51425
4152855
52130
52034
4124790
51106
52386
4138839
50466
55522
4075381
51266
50690
4139447
51810
51426
4148279
51458
52130
4123926
50946
63042
4093942
53378
48674
4138103
52482
50882
4121655
53250
52418
4144248
51522
51746
4087989
51393
50369
4100725
52482
47970
4115639
51394
50146
4134743
51426
52482
4054868
53026
51938
4145271
50882
49538
4141783
49826
49025
4142359
52450
48130
4024466
52738
52354
4088213
51298
50977
4128982
51810
51778
4094646
50274
63810
4069557
51298
51585
4141367
51106
51330
4135255
51586
51810
4125847
50530
63939
4070165
52833
50946
4134071
50306
52097
4145591
51970
48674
4135991
51042
59522
4083765
51234
50978
4115158
50369
49346
4152312
49762
48834
4159384
51938
63203
4087989
53442
51778
4130775
50946
49122
4136311
52834
50689
4092949
51874
59010
4078325
53058
52098
4131479
50850
50306
4135159
51874
52002
4120823
50786
51329
3973777
52802
48641
4138583
50786
51394
4118486
51202
51202
4124662
52226
56546
4068885
50209
51201
4108086
51041
48418
4127959
52002
49794
4135351
50370
52130
4102294
54210
48834
4116438
51426
49250
4144792
50594
51458
4130327
50242
64291
4092725
52802
51874
4138455
52450
50146
4136247
50785
51458
4135639
52066
52418
4085877
50466
49570
4133623
50018
52930
4142967
51906
51778
4147607
51554
63650
4069173
51170
50658
4143671
51554
51042
4139895
51586
51330
4128023
50977
63970
4065973
52098
50818
4057044
52002
49025
4097685
50914
50786
4116022
51746
57026
4065557
52066
48322
4105046
51042
51618
4139479
51522
49506
4139703
51202
64066
4085045
51458
51778
4149879
51106
51874
4136855
51746
52130
4129975
51074
56770
4095317
50882
49217
4149015
51938
52161
4133367
52289
50882
4125431
51426
64034
4090069
53090
52066
4120822
52290
51810
4111286
50178
51809
4130614
51010
51170
4075477
50722
51458
4121783
51297
47714
4144311
51234
51138
4134550
50818
63938
4081013
50242
50626
4135767
52194
49569
4025491
50242
49698
4147639
51458
52098
4071092
51682
49378
4151063
52354
49730
4119094
51490
52130
4094133
50049
57571
4089845
51010
52482
4139831
51010
52033
4128630
52706
49377
4087125
50754
62723
4083317
51554
51618
4140887
51106
50850
4111030
51074
48705
4142583
51138
63618
4082869
53410
48609
4131734
50594
49378
4149943
51874
51842
4122774
51938
64386
4087797
50785
51010
4146872
51458
52290
4130487
51170
51617
4133655
50562
55170
4077300
53954
49058
4143320
50498
52642
4055284
51618
51458
4126774
52738
58082
4065364
53762
49986
4146103
52578
52482
4135287
52258
48258
4124183
51394
59394
4103574
52386
51874
4125335
51042
51906
4151640
50466
50306
4121270
51938
51074
4114134
52002
52322
4126038
50210
51714
4171416
50306
48866
4119223
52162
56706
4079253
52545
50529
4099253
51298
49250
4099254
50562
49794
4145015
51202
50850
4078708
49954
51393
4096597
52066
50050
4138071
51650
50626
4121430
51362
57570
4086965
52674
51426
4163448
50498
50818
4129623
51138
49634
4060148
50434
57474
4084917
53410
49346
4124215
52450
51170
4110646
50978
50978
4129399
49281
59043
4082261
50370
50946
4136151
49506
51682
4134263
51746
48738
4142424
51586
49218
4100854
52386
51201
4139831
51618
52546
4125175
49794
50690
4155864
51810
62722
4080085
50690
50913
4160152
51810
48962
4129655
51394
48706
4144151
50242
53218
4089525
52130
52130
4137783
51777
48386
4146840
52130
48226
4135799
51010
64386
4091381
51778
51905
4142551
51969
50978
4135543
52034
51010
4116567
52673
52129
4015186
51266
50497
4131447
50178
47842
4146615
50626
51618
4145335
51009
51170
4100214
52930
48961
4135862
50562
48674
4137207
51874
52418
4130518
50626
48482
4101654
53313
48194
4137303
51522
48290
4141175
51554
51106
4128247
51426
50818
4077140
52866
52194
4106806
51586
53314
4103798
51618
50465
4126646
51362
51842
4066612
52674
53154
4142807
52002
51714
4112150
51010
51618
4113782
50338
52450
4097781
53698
49538
4128855
51297
51810
4129975
51106
51874
4140727
51330
52610
4029907
51169
48801
4106741
50850
51202
4141303
50594
51393
4134262
50370
52226
4106262
49922
48034
4140823
50946
48833
4140503
50530
49506
4134103
50338
56098
4084245
52098
50050
4112694
51266
48546
4143800
50754
48162
4132311
51169
51777
4094965
54114
48834
4115895
50466
49538
4131415
50530
49217
4138327
51266
51618
4101494
51458
52738
4128246
50402
49986
4143895
49954
49026
4138007
50530
51842
4113398
51330
49186
4122486
50722
48994
4134839
50785
49506
4137079
50306
52386
4091190
52898
50690
4044531
51714
49762
4128503
50466
49186
4105174
50274
49730
4086197
51298
48834
4131607
51234
48898
4126390
51394
48546
4132055
49441
56418
4092053
53538
47906
4132183
50690
51266
4144695
50562
48482
4145784
51042
56994
4090581
53282
49538
4125462
51202
49090
4134391
50305
48962
4140119
50946
51106
4094326
53346
50242
4127158
51906
48961
4140663
51298
49250
4142199
50434
50658
4118519
51265
48546
4132087
50530
48418
4143800
50977
49538
4132375
50945
50338
4105654
52130
47874
4130167
50210
49282
4092309
49858
48866
4151960
50657
49410
4104117
52770
49281
4137047
50497
48738
4137623
49602
48450
4145720
51106
47874
4105110
52482
49826
4163032
50242
49090
4140887
52994
47969
4137623
50914
54210
4071221
51298
48450
4131478
51554
48386
4138423
51170
49826
4142071
49410
49249
4108310
52034
48546
4138039
51490
49730
4128247
50146
50370
4142839
52834
49697
4101045
52450
49506
4129495
51394
48385
4165464
52866
48833
4143031
51554
49730
4112342
50530
49474
4135927
51586
50369
4063700
51938
49249
4110070
51457
56354
4091381
52450
49826
4118454
50882
49602
4137911
50978
49826
4138071
53250
51746
4100566
50529
49154
4147767
51298
49057
4143959
51330
48482
4133175
51010
51330
4101590
51778
48961
