129061
45698
36897
31585
30561
27841
26497
26401
26689
25249
861505
28001
25601
4494638
27105
25217
4536336
27169
25921
4641364
28001
25825
4433709
35969
31777
4438284
29505
26241
4514192
30305
27489
4488974
39329
36353
4375658
39905
38914
4361546
38274
34529
4309928
49250
45698
4204611
54146
49537
4147969
44417
42434
4288774
48354
45282
4217636
46722
44513
4226949
51906
48706
4178690
52066
49762
4158305
53987
49570
4175458
51938
49570
4147809
50754
52898
4152673
50914
48481
4168674
52290
49474
4167042
51138
49602
4130176
51458
49666
4184611
53634
49122
4014460
50946
51074
4156673
53922
51938
4147841
50786
50690
4147681
50562
48738
4174594
54146
49602
4160514
51394
49282
4141985
52610
49826
4180002
51426
48994
4170242
54850
48482
4168642
51587
49026
4111263
50754
50401
4168066
51330
52002
4149345
50786
49570
4181443
51074
51554
4119520
52194
48482
4173122
52130
49986
4180675
51170
49378
4187683
51970
49698
4084895
51746
49794
4160610
51650
49186
4166466
54242
48802
4168866
49314
50114
4148353
52002
48258
4171138
52066
49793
4184515
54850
49154
4009852
50882
49122
4131873
50242
51202
4138305
52450
50146
4155522
51458
51330
4162466
51074
51042
4148417
52162
50178
4181955
53282
49026
4141217
52386
48258
4181250
51842
48610
4162754
50690
48194
4189475
51938
48961
4187171
51394
49506
4181891
53730
48802
4164194
51970
48930
4167458
52706
49570
4181411
51042
49602
4186467
50946
51490
4124416
51586
49506
4173987
51714
48162
4175618
54082
48962
4154977
52802
49186
4144033
53282
48514
4174754
50594
47297
4184738
53250
48546
4174530
51618
50082
4011388
51458
48130
4176450
51362
48898
4184003
49186
48386
4180642
49634
49186
4153025
50594
48546
4185891
50690
48482
4182402
52995
49474
4172547
51938
49410
4131937
53026
48706
4155362
51746
48322
4191970
52898
48898
4190755
51202
49026
4156161
51394
48258
4188674
53155
48130
4180803
54050
49666
4169378
51586
51266
4120064
50978
48258
4176546
52994
48802
4139873
53282
49250
4164769
52866
48962
4157154
53570
49314
4183650
52322
49346
4186083
51490
48386
4187587
52322
50626
4164066
53666
48578
4110783
54434
52258
4022332
50082
50210
4171586
51362
51938
4110271
52546
51746
4133953
51458
48609
4178530
54530
49697
4159265
52226
49666
4138369
52642
49154
4165634
52450
49058
4182499
51682
49986
4167874
52290
51074
4115680
53634
49538
4157474
53250
48546
4158338
51554
50018
4119904
52962
51106
4168354
58786
50530
3916984
52770
49921
4100927
50658
48546
4136225
51298
51426
4055165
52834
49538
4077150
52066
49346
4136289
52130
48322
4090239
52770
49570
4137920
51938
47714
4143906
54658
48386
4182211
53154
49666
4080863
51682
51106
4111872
53026
48802
4155201
52194
50690
4186275
51042
50946
4176771
51362
48642
4153889
50882
51170
4172738
51522
49250
4145665
52706
48577
4179938
54530
50306
4039325
52770
48258
4139105
51939
49090
4159202
51650
47522
4164834
51106
51106
4144929
54306
48417
4100223
52418
47874
4137857
52034
49922
4137217
50882
49890
4145345
52898
50434
4149538
53602
50402
4050334
51010
48930
4122880
54402
50498
4092927
52034
48610
4162498
53186
48738
4124352
50498
50562
4166978
88483
48674
4008572
53890
48738
4097888
51170
51106
4153057
53442
48674
4105407
51906
51042
4128993
51650
49282
4114048
52578
49538
4115776
50146
48994
4182690
52866
51138
4140097
50626
48354
4161953
51458
50754
4170659
51778
46946
4159106
51554
50530
4132961
50178
49473
4186147
51010
49666
4170914
52802
48098
4145281
51586
50498
4142881
53603
48770
4091071
52642
48930
4136705
51074
51426
4090719
53954
50530
4145505
54786
48066
4096640
52514
47970
4123072
54722
49762
4160226
54466
48642
4077758
54466
49058
4043069
55074
48898
4090911
52482
48930
4139105
50754
51170
4115200
51938
50338
4167234
53186
49762
4103935
51586
49154
4134400
54338
50466
4085407
53474
47938
4157057
54850
48994
4142241
53795
49346
4090719
53346
47298
4132321
39906
37633
4338760
53730
49506
4136225
50370
48994
4186563
52354
51330
4104895
52514
51234
4172610
51458
49634
4162370
49922
50370
4172546
51106
49122
4157314
51330
50306
4152738
51746
49410
4079582
52386
49122
4164546
52194
50978
4116800
54946
50274
4135105
51810
51746
4114112
53762
50914
4177506
51938
51842
4135169
53282
48482
4149505
51042
48578
4186147
51170
50274
4179906
52002
50050
4156449
52674
46850
4154658
53314
48962
4079390
54306
48129
4130528
52578
51458
4125057
52866
51170
4090879
53026
49313
4093855
54050
50946
4092511
51490
50658
4097247
50658
48385
4099103
51330
48674
4143809
52482
49666
4115552
51842
48258
4063902
52226
51810
4099872
52098
51234
4097663
49922
50498
4106463
51842
51938
4061853
52611
51714
4086911
51330
49090
4161602
52770
49282
4008156
78627
51330
4043581
52546
50818
4183266
52738
50018
4086814
52322
49793
4162850
51618
49698
4101120
52450
50370
4124161
53986
49250
4076575
52738
48641
4173506
52194
50786
4096480
52066
51490
4134913
50434
49538
4145633
52802
48610
4109119
50338
47138
4120032
50722
48226
4177379
51074
50882
4131520
50082
51234
4129408
51266
50818
4102272
51746
49890
4138241
51394
50562
4131744
56450
49410
4107328
53154
52738
4137185
52450
50242
4133281
51234
48418
4172707
51106
48418
4175266
82723
50498
4063390
50626
49666
4177251
51810
48321
4181058
52610
47522
4182787
80451
48609
4084895
50114
48706
4113120
52707
51330
4087231
51458
50786
4081439
50786
50626
4131905
52194
50434
4084639
52898
51458
4116896
51938
52130
4131969
52962
51106
4090911
52834
51586
4138337
52258
49410
4090591
52098
51170
4144929
83235
49826
4060285
52514
48674
4152833
53762
50434
4051005
54338
49698
4142945
52226
51554
4127457
52930
51714
4154433
50434
50274
4137153
53218
50914
4077406
51522
50402
4115712
53122
50658
4102111
51746
49314
4181155
50562
51554
4148481
50786
50850
4107904
52418
49922
4154242
54818
50818
4111296
50658
49026
4170786
51106
50018
4157601
51906
50498
4150754
51842
51074
4126976
50594
47809
4156898
85475
51746
4016925
51682
51266
4148289
51298
49026
4103871
50818
51266
4141313
75875
49698
4045213
49954
50754
4162178
52386
50338
4121249
51202
50850
4085375
50498
50529
4157313
52066
52066
3962874
52290
48290
4161122
52226
51330
4108000
53090
50178
4133888
52130
48418
4180067
54530
50050
4075806
53058
48002
4175042
52450
48226
4156545
53218
51266
4185091
51618
52226
4140481
55362
50946
4126529
82115
51202
4049277
49474
50850
4172482
51970
50498
4178595
51394
49538
4083711
52866
47746
4165313
51458
49410
4164865
52802
48866
4179715
50337
48226
4193923
50914
48417
4160609
51746
50914
4186819
52194
51298
4085503
50530
50626
4102175
49506
50946
4100992
51522
51746
4131040
53538
51874
4085726
53186
51106
4073663
51490
50338
4115104
51266
50722
4138689
49825
49314
4175331
52194
50338
4090623
52610
50658
4136097
51170
48257
4195939
52802
49922
4106496
50914
51906
4166978
50946
51554
4133984
52642
50210
4146017
50850
51298
4146145
49826
49122
4146401
51010
56194
4148769
52290
49154
4047805
52738
51490
4123552
52610
50082
4130273
52258
50498
4145377
52226
51746
4149537
53698
51554
4140033
53026
50306
4171586
54242
50722
4144513
54274
50914
4139201
51330
50498
4118240
52322
52034
4134304
52226
49986
4152993
52418
50690
4066142
52546
48098
4171426
54146
48802
4168642
52962
49090
4009756
52482
48450
4109727
52738
49442
4087550
53186
49922
4115776
50626
51554
4101279
55651
49122
4147234
51618
51074
4072479
51682
51042
4124032
52354
52162
4102527
52674
52002
4153601
52770
49986
4092191
52706
52642
4060222
52322
50082
4127680
52290
50338
4145889
49986
51170
4175715
51810
50338
4164194
51522
48994
4107647
52322
51554
4148673
50562
50914
4184962
51234
51074
4179362
80707
49410
4095871
53090
50274
4151010
52706
51298
4167714
51234
48546
4181346
52034
51682
4080063
52738
50274
4166530
55138
50850
4159298
51810
50242
4200004
52546
50594
4101151
53378
50274
4026813
51682
48674
4173858
52130
51170
4178819
52738
51010
4120704
52930
50978
4159970
57666
50754
4160578
53570
50786
4138177
75491
48386
4098111
52194
49954
4178691
51874
50786
4152770
50402
51586
4171618
83459
50754
4085151
51234
50978
4154305
52034
52002
4149345
53250
48354
4169698
53122
48674
4118432
51778
51522
4153442
52482
48994
4181154
52226
48834
4174178
53666
51202
4116704
52386
50114
4004060
53378
50114
4163714
51554
48162
4174306
53026
48289
4112480
51202
50273
4165826
52386
49378
4190147
53218
49218
4182819
50626
51298
4124577
51138
49570
4182691
51106
48994
4186882
52674
48866
4175267
53762
48033
4116800
49794
49314
4184738
53282
48930
4172355
53474
51266
4174882
52258
49410
4120224
53026
47522
4173026
54274
48481
4167138
53698
47970
4165634
53570
47874
4152897
53122
48898
4180163
53826
48034
4175714
52482
48450
4126944
53570
47714
4117568
50690
48322
4171490
53922
51266
4110080
52770
50722
4120384
52130
47874
4170626
53218
49122
4045245
52930
50658
4113440
56162
48129
4158881
51106
48354
4119232
53442
49762
4162466
57634
49026
4161793
51458
47906
4181091
53314
48930
4154209
50850
50370
4194243
51202
48354
4115136
53250
48930
4149057
51650
50626
4110304
53666
48162
4165921
52195
48642
4198243
52802
47426
4163778
52290
51074
4118144
51234
49506
4171267
51138
49666
4175938
52802
48257
4173154
75811
48418
4108287
50754
50690
4176547
53378
49506
4178626
53186
49602
4111136
50658
49186
4119393
50082
48162
4188515
53410
50402
4179234
52995
48802
4173954
52834
50050
4095840
50562
49313
4174818
53122
48386
4177122
51522
48386
4189155
53314
49217
4113568
50818
48514
4188035
54082
49154
4153089
50690
48193
4198179
50626
48706
4148641
51170
51234
4141409
58018
49410
4160642
53602
48610
4176674
50594
48482
4161282
52866
48674
4187139
53730
49570
4174210
53570
48514
4182403
75715
48866
4154818
52514
49698
4153410
53154
48386
4177794
51010
47874
4184706
50786
48514
4096544
51810
48194
4184323
53506
48194
4173346
53667
47810
4174434
52482
48738
4149698
52642
48673
4177218
53475
50338
4049630
52291
48642
4141793
52258
47586
4149281
53954
49281
4174210
54178
49730
4168354
52098
50850
4181795
52546
50402
4116064
52066
50658
4147841
51266
49442
4156161
53475
48834
4124576
82051
50274
4105215
52706
49282
4177762
52674
48770
4177250
53154
49153
4172322
74147
48450
4152321
51650
49346
4194947
53730
49282
4177218
54210
53442
4154145
81188
49922
4143873
52802
48386
4110208
52898
49026
4169474
53122
49442
4166049
50434
48898
4173634
52514
50978
4119040
51394
50658
4163330
50306
49858
4165345
70659
49794
4161442
52130
50978
4121824
53314
49378
4180162
51554
47266
4186371
79075
47586
4165313
52706
49153
4098463
53602
47713
4172482
52770
48706
4158050
51330
51074
4155585
53474
48162
4171362
53122
49154
4179395
53154
47778
4188547
72739
50466
4117472
51170
48482
4174467
53122
49602
4173314
52962
48994
4163874
49314
48738
4144993
52322
50914
4096384
52194
52450
4031581
54242
52098
4065598
88292
48386
4109632
52642
50753
4103391
54018
51714
4073630
51874
50178
4157377
78403
51170
4104928
54242
49570
4140065
52738
51778
4144609
52354
49954
4173603
84355
49698
4158081
51714
48898
4183907
50882
49954
4164097
51842
49410
4118848
81635
50754
4108768
51522
52322
4004091
52354
48098
4122753
50946
49698
4186850
80195
48834
4118592
53698
48770
4169762
54658
50466
4165378
53058
49826
4174530
86083
50018
4100479
51618
49121
4160802
54082
48642
4172098
54115
50370
4086239
80387
48418
4151265
52514
51170
4094111
51362
48194
4173506
50978
49186
4183330
78339
50018
4116928
50658
48642
4160449
52034
48738
4162529
53571
47906
4188803
89380
47394
4125344
52546
48834
4177315
53154
51682
4165026
53346
49506
4109760
79843
51266
4103999
53186
48866
4155041
51330
48642
4188195
50978
48354
4163553
83203
49698
4099871
52162
50018
4168674
52354
48546
4158370
53570
48226
4175618
86820
47778
4146721
49985
48162
4183171
53122
48993
4169506
50914
48002
4170530
84100
49090
4063838
53218
48226
4162754
52674
48034
4153921
51682
49218
4172482
81251
49474
4140545
50274
49154
4171234
52578
47970
4173954
49953
47618
4173891
88643
50946
4101343
51266
48898
4171554
52962
49986
4173922
54018
51170
4127649
84356
48961
4089471
49762
48482
4158817
51970
48290
4168930
52835
48450
4177059
79908
50498
4095231
52738
48418
4184035
52194
49442
4161186
51906
48866
4151298
86243
49698
4143009
52898
51170
4115424
52162
49282
4161890
53250
47714
4164834
82212
49762
4135137
53826
52930
4095103
54082
48130
4170786
52834
49186
4167330
76707
47969
4133888
52514
52098
4021149
52162
48993
4088479
52898
49058
4163170
85764
50401
4096031
54146
48802
4166178
50722
51330
4142241
52642
49538
4156897
86564
49570
4109471
53570
48802
4163650
52610
49185
4171138
51650
50370
4156257
81412
50530
4108031
52770
49602
4173347
53698
48193
4172706
52386
48802
4168962
86275
51810
4102143
50978
49698
4176707
50722
48610
4182019
52866
49474
4170306
85219
48865
4103263
53282
48066
4158882
51650
48674
4102399
52259
49410
4168290
79907
49474
4107712
52962
48097
4171042
52898
47586
4166082
51874
49250
4179490
83619
51714
4088671
52930
47778
4160546
50562
48673
4176994
51618
50850
4174274
86500
48418
4147010
53026
48642
4174466
50882
49602
4176418
53314
49250
4176706
84579
49025
4143489
54658
49122
4147841
53442
48802
4171330
52866
49153
4162402
87875
48194
4145825
51074
49281
4179618
52706
49506
4175138
53571
48770
4142369
80899
48417
4153665
52034
48066
4140129
52514
48482
4179490
52386
50818
4104480
77859
49794
4110560
52546
47777
4181378
50082
47650
4175202
51234
49026
4179875
82500
50850
4102783
53538
49026
4169154
52834
52898
4162050
53698
48962
4152866
80419
50946
4106496
53666
48513
4156385
51554
47906
4181410
51298
51970
4127393
76355
50754
4108480
52898
48450
4174050
53250
48833
4132704
52514
48226
4182659
89028
49218
4135105
51554
50626
4177026
51298
48098
4186659
53282
48514
4169730
56674
49282
4085311
52514
48770
4168130
53538
49346
4172898
52802
48642
4150689
59107
50818
3931385
52834
48226
4154562
53602
50818
4158433
54755
49026
4165378
87108
51074
4093983
53378
49953
4161281
51970
48226
4179555
53922
50434
4157153
90916
50466
4097664
54978
50690
4027004
54722
49762
4044253
54627
49474
4133184
63266
51874
4120800
51106
49762
4105472
51522
49858
4117888
54882
49090
4052829
91939
47458
4060446
53890
48962
4137153
53794
49730
4127392
52162
50466
4138880
64450
49346
4087999
52387
48866
4127457
52226
49218
4145121
51490
48450
4146273
65571
50658
4114784
52386
49666
4013532
52706
48322
4138369
53282
49698
4112959
99299
48962
4104384
55746
49282
4137313
52514
51074
4170114
53346
48354
4088415
82947
53442
4090495
52898
47810
4097919
52034
48130
4148257
52450
48610
4136705
63971
49058
4072382
53250
48898
4140577
51042
48930
4144129
50850
48994
4182371
96676
50530
4086943
52834
47746
4135040
50434
47906
4149441
53826
50114
4151714
83107
49890
4150849
53730
49186
4162434
52450
49570
4152897
52322
51938
4167618
85027
49762
4162338
52194
48226
4161697
52738
51906
4082079
51298
48450
4173314
85411
48578
4157089
52706
48962
4142433
52898
49154
4145761
55426
52962
4068094
61123
52034
3949274
56322
51970
4090751
52290
50050
4153570
52866
48610
4151329
58690
48226
4099488
52386
48354
4151233
52450
48130
4111200
52162
49346
4148737
64226
52930
4114272
50050
49666
4160066
53826
50626
4148898
53154
48866
4149441
64674
49026
4107679
50530
49186
4181858
52066
49346
4121920
54562
51234
4171458
67522
48450
4141473
52450
49826
4181730
53602
51458
4150529
52290
49794
4099807
65922
49346
4123137
52834
50626
4165250
51906
49890
4041373
53154
49026
4148833
88132
49762
4099903
53986
48482
4147713
53890
48738
4151137
50722
48578
4174914
87620
48930
4145793
51202
48705
4174050
53666
48226
4176226
53923
48546
4167426
99652
49282
4065854
52098
50978
4158146
52482
49218
4165185
52930
49154
4148577
89028
48610
4148545
52514
48802
4137505
51522
50882
4172514
51074
49314
4167586
56290
48833
4140513
51490
50466
4186979
53154
50018
4127808
53890
48418
4160033
64226
49442
4065246
53218
49282
4143937
53891
48386
4163585
53571
49346
4184163
65507
47842
4134113
54210
48226
4092479
52034
51266
4168130
53730
48770
4151842
65282
50562
4134689
53538
49538
4168066
52898
49569
4135041
51234
49218
4143521
62914
50850
4118240
50882
51906
4186690
51490
50786
4177410
51010
50146
4169634
85891
50465
4141441
50850
48578
4193891
51618
50082
4145217
52803
48322
4171234
64514
50434
4138049
54818
49282
4139937
52546
50114
4141825
51746
51010
4171074
59331
49474
4133089
51586
53186
3821876
52642
48674
4129089
52354
49474
4132129
59874
48737
4121152
52418
49538
4164226
53058
49922
4176098
53538
49314
4185763
60802
51202
4151809
52066
48642
4160417
53186
50818
4159329
52258
51650
4183651
58307
49346
4139617
51970
50498
4167714
53987
48578
4137793
50498
48897
4165250
59522
50050
4133377
53987
49346
4137728
53699
48962
4144033
51714
49314
4165218
54530
48994
4146113
54114
48418
4156449
52962
48354
4131744
50594
48578
4166817
57890
48417
4138017
51106
49602
4182211
53538
50114
4061374
52642
51234
4171554
65411
49154
4125281
51234
51778
4180098
52418
50210
4162210
51714
48737
4184098
59138
50338
4146273
51202
50754
4156386
51938
49762
4173378
52386
48514
4166274
65379
48674
4132897
52290
48578
4155329
51906
52322
4174754
53539
50082
4165890
55810
51202
3993883
52162
51522
4171651
51234
51074
4160034
53410
47842
4182530
62787
49570
4137664
50914
51042
4185507
51266
51714
4182978
53154
51426
4179266
60611
49762
4149986
52194
48546
4156449
52034
51202
4164546
53826
51330
4052413
64771
49698
4108895
51682
50178
4187555
51458
50402
4190627
51970
51202
4176514
61954
48834
4160225
49986
48769
4199907
51970
49410
4166210
53058
48322
4147425
57347
50274
4109791
51874
49538
4184547
53314
52162
4174210
53250
49570
4147425
53410
49634
4130400
52867
49026
4126272
52194
48898
4145281
51330
50914
4182178
56931
48993
4124992
51938
49058
4181090
54306
49602
4140673
51106
51362
4180194
65506
49666
4115840
51266
49218
4155810
51682
48802
4138401
53026
48290
4084479
66563
48897
4057117
52834
48610
4150945
52514
50594
4178371
54531
48514
4156514
65378
50050
4113984
53155
48482
4128673
52866
52034
4153890
53922
50402
4148257
62306
49153
4124576
52642
48802
4130176
53122
48609
4168610
52130
48706
4172450
61058
47842
4137953
52578
48897
4155841
51234
50466
4176578
52034
50146
4146017
64386
49954
4116576
50754
49474
4163618
52930
50786
4152930
52962
50434
4147617
65667
50210
4105920
51042
48194
4181506
52354
48930
4152545
52834
49058
4140545
63970
49250
4121312
53090
50178
4100191
52226
49154
4134112
51330
48706
4139073
55490
49506
4135425
50978
48674
4186562
52034
49218
4150209
52130
49346
4117856
65539
49058
4092031
52706
51074
4140609
52226
51714
4182019
51874
48994
4122464
65475
49090
4063646
50594
49154
4180578
51266
49794
4173058
51106
50914
4178787
66627
50242
4124961
52130
49506
4184995
50882
48929
4188291
51458
54338
4128128
65923
50402
4127105
53794
48162
4134881
52674
49538
4161858
52098
48450
4146273
65187
48130
4088767
52674
49282
4152033
51874
51490
4097375
50178
48546
4190851
64674
49378
4115967
51906
50946
4167138
52354
48354
4114751
53442
48194
4157890
60130
49410
4120480
52706
49090
4160993
53794
49826
4003324
51458
51170
4202531
60194
53762
3881591
55170
51138
4061950
51906
50690
4118368
52066
50466
4071103
65410
49378
4069182
51362
50210
4168962
51586
51458
4149345
52578
49217
4135296
58498
49186
4128832
51234
49826
4196323
51330
50306
4160194
52034
50210
4155553
53890
49762
4152321
52418
49570
4184098
51650
50242
4152961
52866
52162
4058846
66755
49762
4105343
50914
50754
4154562
51234
49730
4099775
50466
49314
4185218
67202
48450
4087903
51650
51458
4146497
52674
49345
4178626
53410
51426
4076062
61506
49634
4097247
51842
51330
4149025
50338
49314
4175106
51362
49313
4185026
71107
49314
4120416
50690
48482
4189443
51714
51330
4075423
51330
47746
4146817
65315
48514
4060734
51330
48226
4170146
51746
48002
4179555
51138
48226
4151265
53026
48770
4150049
49666
48642
4167297
51682
49154
4178851
51938
50434
4141345
49954
49122
4058237
50818
48898
4139137
52482
48225
4109856
52194
50594
4143041
65250
48738
4112800
52034
49153
4156866
52482
49378
4148194
52034
51458
4076510
58211
48610
4135169
51810
50594
4070846
52066
50594
4136257
53154
50562
4138081
57634
49858
4118592
51746
51330
4145121
52578
49378
4096607
53058
51266
4133729
64418
50338
4071422
51330
47970
4140737
51714
49442
4145537
52066
50306
4091711
58051
47682
4099103
52834
50114
4075902
52162
47778
4141281
51330
48418
4149441
58018
48161
4108608
51618
49921
4063166
50914
49026
4131105
51778
50178
4117088
59138
49922
4062206
51138
50242
4136449
51362
49762
4128513
53538
50498
4125760
58722
47970
4127297
53442
49794
4067774
51266
49505
4133185
53346
50050
4140609
59459
49857
4077342
51426
50754
4136832
52866
50562
4124352
51298
51266
4136417
65218
48674
4117856
52930
48546
4158145
51618
51842
4131552
52514
48514
4122272
58787
48674
4098335
52898
50626
4073918
52674
50306
4140992
52834
49506
4140065
63970
49442
4089183
53090
49794
4059582
54242
50114
4024188
52194
50338
4134208
65795
49922
4082207
50594
51906
4138881
52578
49218
4136737
52290
51522
4134624
59650
49762
4110240
53187
50530
4063166
53218
51586
4131713
52450
51330
4133248
58562
48834
4099904
53826
49026
4073407
52482
49858
4125217
52354
52610
4129408
65602
50946
4088959
49282
49634
4145057
52546
48514
4142881
52066
49537
4117280
66787
49698
4059742
53314
50818
4135104
52482
48546
4138816
52162
49378
4127937
50722
48674
4111200
53154
49250
4132992
52354
50946
4047389
51586
49122
4089503
59042
51778
4085119
53410
49090
4131552
51810
49858
4133152
52066
47874
4143488
58435
49602
4118880
52610
49762
4083967
52771
49922
4132544
53506
49858
4127360
65987
48994
4118944
50914
50722
4131969
53379
50114
4130624
53538
49730
4146913
64899
49954
4112543
50594
49538
4151586
53122
49505
4137857
53250
50690
4151905
64771
48610
4112608
52387
49858
4141088
52802
49826
4135041
53026
49282
4160610
55042
49730
4152737
51042
49602
4179234
53026
50178
4133409
53698
48706
4090207
51843
49922
4079070
51202
49346
4169506
52130
49858
4177090
50242
49538
4145857
61827
49570
4121248
53090
51554
4154529
52450
51394
4158241
53922
49954
4162466
52354
48898
4099584
53026
51170
4132929
52578
50882
4165410
52258
50626
4137056
65987
48738
4090463
53474
49442
4149217
52802
48418
4174018
51938
51458
4128320
62978
49058
4124448
52258
51266
4122145
51522
49506
4177762
51554
50082
4120416
57410
48642
4140865
52450
50850
4129248
51490
50049
4176930
51842
50658
4125792
52579
50497
4049117
51458
49538
4165217
52290
49218
4167522
52066
48194
4159553
52226
48354
4126144
52546
51042
4131328
51106
50882
4154882
51778
51010
4138017
64867
49154
4117760
50146
51298
4160994
50690
49666
4162337
50786
50242
4168129
65283
48354
4133856
53954
51138
4158913
52162
51810
4136257
51106
50946
4149345
54242
50498
4145185
52578
52002
4118624
52450
52130
4131488
51362
52482
4146817
57858
48450
4135456
51714
51330
4148353
52930
51874
4127392
50050
50242
4165730
66242
49794
4052381
51074
50530
4164769
50818
52546
4144545
52130
50946
4129632
64866
49058
4130785
52994
50850
4117312
50946
51522
4136320
50402
50594
4146017
56898
50306
4141729
51074
49218
4176994
51266
49474
4169506
51586
50786
4162274
64387
48993
4121952
51074
51490
4172098
50914
51938
4155425
51618
52098
4135552
64674
49890
4145793
53666
52515
4033853
52162
51010
4134976
51810
50978
4128448
65282
50434
4127936
52034
51842
4124768
50882
51458
4131456
51714
51810
4131040
65731
49890
4108607
51746
49250
4103392
51938
49538
4173282
52354
50562
4134465
65410
48994
4132193
53090
49922
4159234
51778
49825
4182786
52450
50882
4130465
65282
49057
4128032
50786
51746
4150817
52098
51938
4143297
51298
51714
4124769
66018
49442
4117440
52002
50754
4158273
51106
51490
4144129
51010
50882
4146433
65411
48226
4128929
51362
51202
4150369
50466
48546
4177154
50850
49186
4194915
65347
49858
4133728
53442
49154
4160193
50530
48578
4156897
50594
48578
4172482
66658
50722
4140161
51106
49826
4171586
52866
49634
4089471
51394
50722
4161217
60290
50433
4139873
50978
49474
4175266
52130
51554
4097151
51746
49250
4155905
57443
49442
4110591
51970
51522
4144417
51202
51298
4155234
51842
51682
4147297
65730
49826
4119328
50850
51170
4186850
51490
50178
4173347
50722
51138
4144769
67107
48674
4126496
57443
50562
3943866
53634
52354
4069790
50594
52194
4127520
53858
51490
4051133
51522
49986
4059038
50754
50306
4160034
50978
49442
4163201
56514
49634
4115903
51778
50306
4173666
52258
50306
4053885
54530
49377
4121376
64963
48161
4130752
54306
51074
4039101
53538
49634
4073598
52482
50914
4131360
52226
49921
4106463
51842
51682
4163457
50882
49122
4184227
53826
52546
4143553
53026
51458
4127520
51618
52034
4125856
51874
51266
4142177
51330
50946
4125056
65506
49922
4101439
52994
51522
4109312
51714
49026
4168129
51714
49154
4167713
53314
48769
4146049
51682
50081
4133408
51458
50914
4163746
53442
50178
4031549
54978
50626
4094431
52450
49954
4135168
52930
49346
4156833
51522
49314
4079295
63075
49858
4130752
52162
50562
4139425
53123
49186
4139009
50722
49602
4165985
61763
49058
4128289
51682
49186
4178178
49698
48898
4178370
52098
49250
4174178
51874
48418
4159906
53090
49378
4137857
53666
49954
4073598
51074
48482
4169410
52642
50370
4072286
51330
49154
4165185
52002
50402
4164898
55459
50978
4025405
66243
49122
4124032
53218
49282
4115104
52834
49954
4133984
52098
49218
4095967
54466
52546
4094015
51778
49346
4144385
52706
50146
4139681
53954
50242
4134561
54146
48610
4028700
52994
49410
4163522
53059
49026
4131169
51906
50786
4125504
53282
49250
4037117
53154
48226
4171938
51682
49666
4166242
51618
49729
4155105
54018
49218
4123072
53506
49698
4146433
51554
48418
4177154
52258
48962
4175554
52034
49122
4148193
51586
49154
4158529
52418
48898
4149409
51362
50210
4178306
57090
48898
4144417
51170
49954
4178594
53218
49986
4165698
52322
50306
4162305
51970
48866
4139232
53058
49122
4153441
51522
49890
4186243
50370
50114
4180611
54146
55522
4032252
51170
48642
4160705
53218
49218
4164482
50466
49282
4160034
51458
49538
4103008
51522
50882
4165026
53186
49442
4150561
54562
48738
4129312
52002
49922
4145217
53378
49569
4140065
49506
49922
4146881
53922
49826
4133696
54754
48642
4162114
54658
50434
4016476
51842
49186
4123488
53346
48866
4134145
53378
48865
4064318
54818
50978
4047869
50402
49090
4156705
53506
49186
4127553
51938
50594
4133953
53634
48802
4125536
51234
50401
4126048
52642
49314
4160802
52610
49986
4136257
52706
49794
4067998
53410
51106
4162946
52610
49186
4174658
52642
49410
4127872
51938
49346
4143873
53058
49986
4154306
52866
51138
4165986
54434
51586
4063230
52803
50498
4164769
51426
49378
4149570
52578
48450
4169986
51042
50306
4146465
55138
50402
4069758
53731
49698
4115840
52450
52258
4159202
53314
49058
4131201
51586
50050
4174530
52994
48834
4144289
51906
51970
4145121
50882
50050
4156610
52290
49442
4168674
52258
49409
4169762
52578
49954
4153825
52386
50338
4132480
51106
48738
4170498
52962
50274
4081471
52706
48834
4160322
53091
49986
4129537
51202
49922
4170722
53986
50178
4093471
53634
49442
4126625
52994
49986
4125184
51842
48258
4169506
52642
50946
4174594
54018
49314
4141025
52066
49889
4139425
50786
50017
4171138
53570
49346
4110079
52387
49314
4164386
51170
49058
4141953
50338
49826
4177506
51330
49282
4179042
53698
50210
4025501
51906
48866
4105952
51298
50082
4161665
51234
50946
4180771
52098
48802
4117344
49442
48546
4121536
52738
52194
4132064
52290
51169
4047741
52482
49122
4145249
53538
51298
4121408
52002
49378
4134913
52098
49186
4116736
51106
48482
4158626
49954
49442
4149057
51170
51522
4159649
53506
49250
4160354
51618
51202
4175554
53858
49602
4114880
50722
50018
4169922
52802
49633
4177474
54627
49698
4051582
54403
50370
4124320
50978
50753
4174370
52098
50402
4166466
50882
51010
4175682
52162
50114
4146625
51362
50818
4169442
52258
50401
4173378
52226
51009
4151137
54242
50914
4152065
51522
48802
4178978
51778
51202
4173378
52066
49090
4083231
53762
49186
4132480
51298
50818
4155297
51426
50210
4163393
52290
52034
4174402
51938
51458
4151969
50562
52034
4173122
51458
48802
4180451
51650
49345
4164866
53282
50562
4150146
51170
51586
4175042
50914
50594
4176290
51586
51106
4178210
53794
49186
4127136
50626
50210
4143681
53154
51746
4162818
52738
50466
4170530
51522
51202
4166114
56450
52482
3995899
53698
50594
4110848
52610
49314
4154817
52738
49506
4047805
52322
50562
4132864
53698
51554
4156065
52578
51138
4091775
54594
51810
3994460
52802
50562
4093599
52034
48834
4128032
52578
52034
4112767
52866
51618
4126880
52034
49442
4103136
52674
51426
4154690
51266
49186
4139393
55747
51970
4027037
51810
49666
4156417
52898
51138
4111904
51330
50530
4160833
54018
49538
4133024
54530
50114
4058078
52098
49314
4151233
52450
51842
4165282
52898
50626
4124000
51202
51202
4155105
50274
51330
4174658
51746
50594
4155970
51618
49538
4132481
51490
50946
4171554
51298
49954
4156865
50530
51074
4205923
55490
52130
3894743
53218
51138
4138817
50722
50210
4163202
51458
50209
4180226
51714
49026
4146081
53762
49602
4048222
52962
49122
4097695
51618
48834
4173026
52418
49122
4140641
50754
49378
4180834
52450
49346
4165570
51938
50626
4163778
50146
50626
4152609
51106
48450
4183299
51234
50690
4178659
51010
50049
4177538
51458
49186
4124800
51778
48642
4175906
51586
49250
4168130
51522
49282
4206372
55906
50050
3961306
51714
50050
4124384
53218
49954
4127680
52322
49698
4134912
51362
49090
4118816
51010
54018
4095968
52002
50722
4151233
53474
50018
4147489
52578
49474
4110656
53730
49730
4145921
52866
48609
4132224
53026
49249
4134145
53986
49282
4136129
52066
50114
4127488
54082
50210
4105951
53762
49186
4126880
51234
48386
4096319
51778
49250
4126976
52162
48482
4142977
53730
50722
4066526
53346
48642
4075710
53634
49826
4095231
51938
49986
4163233
51970
50210
4176450
52770
49666
4084479
51362
49890
4137056
54146
49794
4062974
52834
49314
4173282
55106
49410
4073215
51202
50178
4164610
53122
49346
4068926
52226
49218
4164674
52770
48994
4134753
53858
48962
4174786
50370
51874
4189283
53154
49122
4103456
53570
49794
4135585
51682
49634
4176386
53346
50562
4155329
53218
48386
4150753
51522
50562
4139873
52194
49122
4123265
53186
50530
4144385
51938
47746
4133153
53218
49378
4095711
53890
49090
4063550
49730
52226
4169217
52322
48770
4147873
52866
50178
4152257
54818
50978
4034909
54786
50210
4127808
53346
49762
4151617
54178
49058
4122720
51554
51458
4173731
51522
55491
4089919
54498
49282
4139681
50945
49474
4106623
53026
49954
4159105
51426
48866
4149729
51682
48162
4138848
53538
51106
4134113
52130
50818
4170210
53474
50210
4158689
52610
49793
4149633
52322
50754
4128288
50466
50050
4176867
54210
49154
4148257
52450
49986
4155841
50754
48738
4165121
54562
49666
4106623
51170
49314
4169697
51266
48290
4172738
53026
49378
4134433
52002
49794
4173154
52834
49602
4143265
53826
50306
4147233
54434
49282
4132545
52898
48514
4161442
51042
48962
4176418
51362
50978
4085919
53251
48482
4132992
53442
49378
4156929
53346
48770
4165281
50882
48930
4176738
53410
48994
4139841
52642
49634
4166242
54147
48962
4158881
50114
48866
4137217
51874
51330
4129568
52994
50562
4161282
50658
48610
4172546
53858
49858
4159362
53314
50306
4144033
53570
48674
4143585
53218
50786
4159809
50658
49762
4170721
52514
49314
4136097
50466
49026
4170850
52514
49346
4165538
51746
49090
4179714
55395
52450
4020252
52130
50050
4161954
50210
49922
4162338
52227
49026
4097407
52290
49442
4064669
53218
49858
4099871
50402
49378
4144833
51842
51074
4161666
52706
48610
4095615
51746
49186
4143265
53763
50242
4120736
54914
49506
4118432
53026
49889
4107839
52610
49410
4162754
51458
49090
4182402
53922
48866
4158434
52482
49314
4124512
51106
50050
4125280
51650
49602
4169057
52610
49410
4172706
51522
51362
4140193
50978
50242
4164706
52290
48866
4170882
52482
48642
4071742
51714
49026
4132192
50466
48578
4144001
52514
48705
4168866
54146
49410
4103071
51330
51714
4025917
52002
48866
4124736
53378
49282
4128992
51394
51842
4164513
51714
48866
4156994
51170
49826
4145665
52770
49218
4146401
51010
49442
4165570
53122
51298
4133440
51618
48418
4152290
52482
49154
4143297
52514
49922
4116384
52898
48354
4131360
51266
49282
4130400
51266
49730
4141504
51362
48898
4171138
53218
52066
4080127
52866
49506
4166754
52130
49698
4136385
52322
50050
4132320
50914
48418
4147105
55618
49282
4032221
51234
49602
4139616
51970
49314
4143265
52290
49826
4118272
52322
52610
4084735
52994
50178
4156193
50242
49154
4138880
51042
49762
4133633
51714
49602
4126368
51106
48546
4132897
53890
49986
4156577
51202
50914
4130944
53858
49314
4155809
51970
48770
4143425
52162
50082
4172834
51170
49314
4116544
51778
48930
4165250
51842
48386
4178242
52866
49314
4163362
53538
49858
4078750
55363
48450
4164609
52226
49634
4162433
51202
49922
4178819
52386
49218
4090559
52994
50626
4168706
52994
48226
4171842
52611
48546
4164962
51554
49314
4121408
50722
49698
4169442
52258
49922
4040445
52066
49346
4164322
51490
48738
4149473
50434
49634
4169858
52002
49122
4172226
51426
51074
4109695
52354
49954
4144033
52834
49698
4161442
53154
48770
4171842
52322
49250
4164514
51138
48706
4142369
53762
50114
4175682
52482
48450
4175394
51810
49058
4165633
50466
51106
4155554
51682
49570
4161218
52514
49729
4169282
53922
49666
4173698
51682
49218
4138753
52034
49186
4178978
52322
50690
4159585
53954
50369
4187267
55683
49922
4001244
53794
48225
4064638
51778
49858
4081502
52258
48674
4112544
51138
50818
4094303
51938
49090
4111584
54147
48802
4094847
51202
48834
4153954
52002
50242
4135713
50722
50402
4172418
50850
51874
4177154
53058
48930
4145761
51234
48994
4112287
53506
48066
4121568
51842
48610
4132513
51266
48418
4141057
54050
48545
4099039
53058
48194
4120832
53890
48578
4085214
51234
48994
4154946
52706
49730
4098208
51010
49986
4162082
51266
50370
4163522
50530
50050
4122240
52226
49282
4140033
51458
48930
4152449
50754
48674
4113215
50466
52098
4076222
52866
50338
4110240
51042
49154
4080159
52610
50305
4146273
51842
49410
4143105
54082
49218
4055869
51618
51202
4157665
51138
51618
4169697
50050
49122
4117152
51010
49090
4128097
53122
48290
4122368
52162
49762
4135488
53090
49506
4157313
52867
49442
4112127
50626
48962
4148161
51778
49282
4106848
51202
48834
4130465
51234
49506
4105023
50498
49858
4151777
52290
49250
4074526
51330
48577
4125248
51842
48834
4098175
53922
49218
4140417
52994
49154
4077886
52578
49954
4080159
55810
49058
4039324
53314
48930
4071774
54242
48546
4131137
51874
48866
4085471
53922
49442
4056958
53314
48866
4077055
51010
51522
4149633
51074
48481
4105695
52162
49378
4069598
51778
50146
4151137
52066
49282
4097919
51394
49346
4083999
52450
51170
4127584
52418
49570
4127520
52162
49570
4145153
51074
48930
4132224
53378
50018
4109056
52162
49090
4123360
53154
48642
4073663
53282
48674
4131072
52258
49090
4123296
51362
48833
4146721
51810
48578
4132896
51746
49442
4161249
54082
52354
4007419
51554
48802
4163106
51586
48866
4169666
53762
49346
4086591
54562
50242
4081278
52770
49154
4091647
51458
49282
4136704
51458
51586
4155969
51362
48162
4156546
51266
50850
4166338
51810
49026
4125664
52066
50690
4176834
52546
49153
4103519
52450
47938
4170882
52098
48354
4167457
50850
48930
4182819
53058
48834
4119328
51746
49698
4132416
52547
50946
4155297
51522
49538
4121696
52450
49090
4142657
51586
51746
4160993
53090
49186
4182339
50786
48802
4173698
55298
51426
4027645
51010
50722
4099199
51458
51618
4159937
50594
50338
4169250
52386
51522
4138400
50370
51362
4182978
50082
51522
4180931
49346
50050
4186691
50434
50530
4145953
49794
50082
4180770
51202
50498
4178434
51266
49954
4176162
50562
50594
4169058
50722
51746
4182819
51202
51426
4181890
52642
51746
4132192
53954
50402
4090431
51618
52098
4155105
50498
51650
4159457
50114
50978
4179779
52386
50690
4131873
51170
51490
4173762
50786
50402
4161505
50818
49026
4129920
51170
51234
4146913
50306
51458
4173730
51650
51074
4104608
50338
51362
4181475
50690
50370
4149857
50274
50594
4180066
51234
48738
4172162
51426
50530
4166498
51682
51010
4142048
50690
51394
4165026
51362
49858
4169250
51074
51042
4177442
50914
50626
4157186
50818
50722
4178274
50434
50850
4173890
51810
50562
4174850
51010
49953
4142625
52418
51138
4105920
50786
51266
4174210
52578
48642
4137665
52258
51394
4137217
49954
50722
4173154
51490
52098
4178370
50242
51874
4180962
51138
50466
4177443
54979
52290
4024925
52322
52130
4097951
51618
51586
4097151
54242
48834
4140961
52962
49698
4124352
50690
49538
4160289
52066
48354
4165858
53314
48962
4130112
52002
49922
4180354
52002
49026
4177506
53378
48866
4171362
54467
48674
4088222
52290
50562
4093055
50882
48962
4160993
50914
49282
4171457
53186
48673
4137216
51170
49890
4185891
51810
50498
4102816
51842
49762
4165378
50946
50081
4162113
53282
48609
4110303
51938
51970
4125888
52130
51970
4131456
51842
49730
4139328
52354
48770
4181570
52098
49314
4108384
51714
50978
4102656
51522
47458
4148129
51874
48386
4175874
55906
49858
4168834
52994
48738
4165570
53858
47970
4164706
51970
49090
4094719
54850
49026
4169474
50882
51746
4162786
53602
49314
4113344
53442
50114
4126240
50786
49569
4160353
52738
50210
4152065
53890
48065
4082110
50754
47522
4172162
52419
49506
4178595
51618
49378
4160770
54178
49250
4105664
51810
50498
4159457
53698
49729
4156769
51010
49826
4169634
53282
50498
4074974
52386
47746
4117376
52354
49378
4158081
51906
49506
4127552
55298
49666
4033213
53506
48994
4161026
53538
50242
4091775
50946
49601
4155841
52802
49217
4133440
50146
48802
4163809
50530
49122
4174690
52994
49218
4152161
54722
50338
4096383
50754
48290
4162594
52962
47682
4155041
52386
48130
4116608
53954
48962
4136800
50754
49090
4167713
52930
50018
4168353
53186
49858
4156770
52706
48769
4140929
51874
49506
4117440
52386
49634
4166338
50594
47746
4173762
53538
50018
4146177
51906
48962
4168321
53826
53890
4094527
51010
48257
4162241
53858
48898
3986523
53122
48258
4150721
53442
47906
4175906
52578
47970
4160578
53346
50210
4148097
51778
49250
4160961
52386
48898
4163969
51522
48578
4177251
53986
50882
4057950
53058
48514
4137505
53314
49218
4100608
52738
47554
4177731
52610
49281
4117824
50754
48546
4137953
50722
49474
4157793
51522
48738
4128257
54562
49122
4082175
54210
49058
4101407
51202
49474
4176418
52450
48194
4175715
52994
49442
4136321
54338
50338
4089855
53538
49441
4100799
53314
49026
4172450
53602
50530
4154657
52578
50210
3977210
52386
49858
4116992
54978
49890
4049085
52802
49762
4101439
54498
49730
4073662
53858
50114
4160130
51810
49986
4136448
51554
48962
4127873
52898
48546
4152449
51586
49058
4176195
53730
48674
4174274
52034
48866
4107328
51938
49314
4092831
53090
49378
4142049
53762
49953
4070398
53986
50338
4045725
50722
50626
4132288
51906
49441
4131840
51618
49025
4162529
51874
51458
4117600
53378
49634
4084191
52931
49730
4072030
54242
49058
4067006
53122
48898
4063326
50530
49858
4155809
54147
50946
4060574
52803
48834
4060766
53442
50114
4094207
52162
49218
4094175
51714
49090
4166946
52322
49346
4088799
51682
49730
4056765
53218
49186
4068413
52002
49506
4078015
53090
48674
4100160
51490
50018
4138433
52770
49154
4147809
52867
49186
4125152
52066
50594
4089695
52418
51170
4075134
51746
49346
4168418
54946
50434
4147489
50946
49474
4165985
53122
49282
4042397
51938
48769
4117056
52386
50882
4066686
51298
49186
4128480
52866
51906
4077150
51074
48738
4123584
50722
49410
4170722
53634
50338
4052317
53218
49730
4061885
51938
50018
4174754
53826
48737
4139905
52515
48514
4161057
51554
48962
4082591
53250
48962
4162946
51266
48386
4176162
51106
50754
4118432
52834
49378
4055870
52290
49154
4161537
49730
49186
4172514
50402
49505
4169282
53634
49218
4139489
51906
50050
4139105
50850
49346
4166754
51554
48610
4131168
51266
48898
4144128
49602
48450
4174402
52642
48129
4166498
50466
48642
4176258
55650
51650
3996859
51426
50018
4117152
52130
48386
4149121
51586
50530
4078558
53282
48450
4108927
52162
51682
4155265
53410
50530
4106719
51362
49154
4170497
51554
48706
4147105
50498
48258
4190594
52226
49249
4066270
53154
49090
4165250
54435
48578
4139873
52194
49346
4180482
53314
49218
4119776
52034
50914
4129600
53314
50722
4109792
50882
49730
4131393
51522
48962
4160706
51042
48993
4179298
51874
48130
4154145
50818
49602
4169506
50626
48834
4167457
52898
48354
4179363
52738
50754
4106112
50530
48994
4163362
50562
49217
4180802
51906
48930
4154785
52130
50530
4033597
53347
49345
4136320
52738
51329
4121312
50722
49090
4130208
53282
50434
4142208
50786
49122
4163553
51554
50498
4085247
51458
50114
4155266
53954
48098
4138849
52130
49794
4164833
51266
50017
4146561
52770
48706
4176930
53218
50690
4148161
51266
50274
4070462
50754
48386
4176226
52258
48738
4151169
51105
50914
4146657
50978
50114
4166850
51746
51426
4135585
51330
49154
4139425
54402
49794
4126368
50402
49186
4173826
50882
48226
4173314
50242
49282
4173922
51394
48482
4147137
51586
50434
4085598
51202
49250
4165441
51298
49409
4135393
53730
50370
4107296
50658
49250
4157602
51938
50882
4135265
51042
48450
4154369
53026
50850
4164450
53922
49794
4006779
53794
50658
4137441
51106
48258
4123744
53634
51458
4124384
51138
49858
4136736
53282
48226
4134177
50722
48546
4166946
53346
50562
4133185
51522
48450
4172834
51938
48322
4139936
52642
47618
4123328
53282
49634
4105183
50274
49730
4151457
53346
49954
4152289
53315
49794
4112063
53666
51298
4147873
53186
50594
4065469
52770
51298
4159330
52578
49250
4184355
59138
53314
3947577
53666
52866
4131809
52226
49730
4087103
52994
49506
4130400
52770
48994
4114432
50914
48834
4148001
52930
49826
4079678
53570
50338
4141696
53506
48866
4119872
51394
48897
4137345
52258
49218
4100799
50274
49506
4158722
51202
48706
4083007
51970
48738
4103103
52194
49698
4083198
51138
47938
4101792
52706
49218
4052189
51778
49442
4098143
50690
49282
4148802
51234
47874
4143553
53186
49186
4105888
51842
50402
4106784
53474
49794
4069566
50178
51970
4152033
52130
48609
4068222
51458
49378
4128704
51170
48674
4098751
51938
48194
4097727
53122
47618
4108927
52611
48706
4145345
50242
48258
4150050
52770
49986
4131713
52931
49282
4084575
50178
49122
4183587
50786
50242
4111456
51682
50018
4145441
51618
49410
4114976
50626
48642
4162017
49634
49154
4164641
50882
47746
4147553
54082
52226
4120224
51266
48802
4092287
50114
48674
4155137
49474
49122
4149473
51810
47426
4113440
50785
47650
4162946
59874
54306
3960569
56514
52482
4043869
54530
52642
4122336
52578
51810
4145409
52866
51522
4157313
54466
51522
4153762
53570
49762
4137889
52386
50338
4170978
51618
50562
4160802
52258
51682
4172386
53506
51522
4148065
52514
49922
4166241
51842
51170
4171746
51554
50306
4169858
54114
49090
4062910
51746
49442
4124992
51106
50690
4149601
51746
49922
4140129
52482
51522
4116032
53698
50786
4174946
50210
51682
4183202
53826
48578
4160609
51618
49154
4152289
50914
48482
4113887
51522
51714
4128128
51746
52514
4102015
55426
49634
4141857
50978
49090
4148193
50850
48674
4138369
51362
49954
4167778
53282
50114
4134913
51746
49601
4176578
50658
50754
4183554
51906
49410
4173570
51266
50498
4141313
50626
49986
4178658
51330
48898
4160801
52194
49986
4171106
51138
49218
4155074
50946
49217
4166754
50914
50274
4184803
50306
49762
4171266
53858
50786
4136513
50626
51394
4180706
50754
50274
4130880
52066
49922
4156417
53506
51618
4122784
50530
48802
4144096
50626
50946
4157954
51618
48002
4177891
53474
50370
4054462
50466
50626
4168674
50850
49217
4177058
52418
50146
4168610
54082
51458
4123648
52354
48130
4162562
51810
49314
4172898
53346
50850
4176226
53474
48994
4138944
53955
49794
4176546
53666
48514
4179683
53666
50466
4175650
53922
50178
4150337
53186
48482
4188834
52930
49570
4105983
52418
50146
4171970
53378
50594
4133920
52066
50466
4177026
54114
50754
4165569
50786
48386
4186147
54178
49314
4071070
52610
48673
4169666
51170
49570
4121120
51074
50658
4156354
53250
48834
4143073
52162
48418
4113920
52962
51330
4169410
54242
51618
4169442
58082
50338
4132512
55330
51106
4106431
52610
52226
4124576
53378
50978
4146017
53762
51522
4125824
51106
50882
4151841
52226
50978
4170114
53378
50114
4165922
51170
50658
4146977
52418
51554
4162434
53378
49730
4178434
52834
50466
4169250
53186
50946
4133856
53090
50018
4167329
53090
49570
4163298
51842
49057
4169570
53730
50786
4140417
52770
50370
4174146
53122
50210
4173570
54242
51330
4172642
53250
50402
4148417
54370
51234
4097151
53762
51138
4164545
53378
49762
4169441
53282
50082
4119296
51426
49282
4139233
50914
48482
4181634
54178
49186
4086943
53346
49026
4129793
53346
50786
4180066
52354
49602
4158754
51202
48769
4177026
52578
48386
4136385
52482
49762
4167906
50050
51202
4173474
52066
48866
4173666
53634
49922
4151361
53218
49410
4169569
52322
49090
4166401
53186
48226
4170561
53538
49794
4142433
52642
49762
4169730
53282
51298
4174338
54114
48865
4173730
53858
52098
4125856
53666
50754
4174818
54850
49346
4091647
52450
50018
4160129
53794
49250
4141921
53378
49346
4174210
52738
50658
4169730
52834
49058
4171618
53218
50850
4152065
51490
49154
4177090
53731
50466
4171073
52994
50562
4177763
53154
50978
4138657
50978
50658
4173058
52162
48225
4170338
53762
50370
4154273
53442
51394
4138113
54114
50754
4162722
52482
50402
4164066
52578
48962
4172226
52642
50882
4153985
51970
51298
4171426
53346
50946
4162113
53442
50754
4179650
53730
48290
4147937
52066
50946
4165697
52002
50018
4185570
52386
50594
4097215
52962
49697
4144993
52002
49794
4176546
51490
48866
4168930
53922
49154
4165762
51170
51234
4149537
51234
52450
4181474
53026
50210
4176546
52130
52066
4174626
53026
50626
4131648
53122
51170
4181858
53026
48610
4171330
51970
48514
4169185
51490
51746
4148161
53570
50050
4167746
52514
49890
4172834
52450
50562
4179714
51682
49826
4152385
53058
50594
4167138
52738
49090
4167778
53506
49185
4152961
54370
51490
4121248
52482
51266
4162017
54082
49858
4166434
50818
52323
4101439
52866
50082
4137344
49986
50754
4186339
52483
51138
4178274
53090
48194
4200195
53218
50594
4083743
53442
51682
4169634
52738
50466
4168994
53378
51458
4185027
52578
49281
4153313
52098
49762
4127456
51426
52066
4148545
53730
51010
4173474
51778
50786
4145537
51618
50882
4170434
53506
50562
4140768
54306
50178
4182434
53538
50242
4150209
53250
50785
4161249
52162
51778
4161922
53026
49058
4194211
52226
50786
4136353
53122
49762
4177250
53826
50626
4167490
53058
50978
4188163
54530
50434
4082623
53346
49090
4175938
53858
51778
4160354
53218
49602
4193091
52322
49154
4154977
53506
50338
4171874
50914
52290
4173186
52707
51330
4198275
52418
51586
4109248
53250
49890
4156834
52130
50722
4172898
51682
49250
4177794
52834
51330
4150177
53154
49473
4173954
50466
51522
4169314
52290
51362
4186754
53474
48482
4156929
52930
48674
4166242
52546
48674
4182050
53058
48610
4192771
52002
49058
4151521
52354
48290
4179234
52930
50338
4167233
53282
49954
4180578
50946
49282
4152802
53794
48738
4086527
52578
51426
4166210
51938
50914
4176738
51298
51170
4155329
52962
50306
4169634
51490
48930
4188835
52194
49634
4197219
51490
51778
4136160
54242
51426
4171554
52834
49890
4177282
51266
48770
4192451
53410
49922
4149441
53890
50241
4166274
50402
48130
4188163
53122
49506
4169378
52578
50594
4160994
52802
51074
4174882
51554
50562
4171618
53442
51394
4191651
50786
49378
4157377
53122
49602
4174594
53090
49122
4167586
51426
49858
4203779
51618
48738
4142881
52066
51554
4094366
53570
50594
4153153
53378
50178
4184706
51010
51298
4156034
53858
50690
4166498
51586
49218
4178467
52994
50850
4183811
52450
50626
4150017
52162
51298
4172642
51682
48513
4173410
51650
50754
4186883
51682
49826
4152865
52802
50466
4100799
52898
51138
4174946
53282
50530
4190371
52770
51426
4156129
53314
51138
4163329
50786
50434
4171618
52930
50914
4193058
51010
49250
4150786
53314
50754
4168482
54018
49986
4172898
51554
50946
4188259
53186
49090
4148897
51298
48706
4167522
54050
51170
4094495
52770
50562
4181411
51586
50658
4157089
53251
48834
4167682
50850
50786
4171202
53186
49666
4203555
50786
51522
4146464
53346
49058
4173634
52354
50946
4165697
52194
50210
4202020
51842
48546
4149089
51586
51234
4145057
52674
50338
4120064
53730
51170
4160161
53634
49410
4117184
51746
48962
4147009
51202
51106
4145761
53410
50466
4127392
53026
50562
4092447
52738
48610
4165186
50754
50946
4143937
50850
49090
4155649
51490
49666
4145697
54466
50882
4104640
52130
51042
4165506
54818
48642
4117664
52834
51650
4136801
53282
49378
4166178
50626
47746
4159393
50242
50082
4168354
50210
49058
4137889
53058
48033
4079582
50786
49666
4123680
50690
48258
4167746
51650
48546
4096319
50530
49506
4175874
52194
47554
4149377
51522
47522
4159201
51330
50754
4143936
52322
48002
4173698
52354
49634
4105887
53250
50882
4186658
51042
49954
4153026
53602
49986
4117184
53826
51010
4160930
53154
49666
4186370
54626
48610
4071486
53315
49762
4156290
50306
48450
4094079
50594
54787
4070078
51522
49826
4080766
51554
50466
4161986
53602
48866
4091071
52066
50242
4178722
53666
49250
4068894
51618
52130
4162754
53346
49250
4092223
53250
49314
4155969
50850
51426
4146625
54466
47810
4138944
53218
49186
4104479
50337
48866
4162690
54114
49186
4076255
51394
50690
4156033
53122
50786
4105535
54338
49602
4108352
54402
49506
4076030
50882
48226
4165825
52034
51682
4141633
53954
47970
4101216
51970
49794
4134433
51874
50402
4167394
53154
48450
4141249
51426
50210
4180994
54594
51586
4028252
53378
48162
4103583
51746
48610
4122144
52002
48866
4186370
49378
48258
4116704
49730
48674
4154177
52034
48545
4157473
51650
48994
4161794
51714
50178
4156961
53635
49506
4145792
52546
49730
4166401
50914
50338
4182466
53826
50434
4071775
54210
48001
4136256
52226
51298
4168033
52802
49378
4181634
33441
24481
4414667
50946
47970
4151553
53058
48738
4138496
52002
48770
4139713
52386
48514
4133697
51234
49922
4158786
51266
48578
4102111
51682
51234
4151297
52802
48098
4080990
53154
49857
4089087
53474
49954
4117152
51970
51234
4177154
53250
48450
4134592
50978
51522
4161633
53634
48098
4107904
53506
48162
4122528
52450
49793
4156417
52610
48674
4104735
52418
47458
4153217
53762
50370
4175938
52610
48770
4084831
52770
47970
4144929
52482
48418
4142753
52867
50594
4166977
51298
48994
4077950
51041
49794
4157730
54210
49122
4144193
52610
48930
4123648
51234
48066
4141249
52642
49762
4129728
52066
51298
4162626
51394
49922
4172770
53858
49250
4091166
51842
53346
4027644
51170
48705
4134336
52674
48834
4140001
50626
48450
4118688
52066
48546
4134080
52738
49858
4091167
53570
50210
4115295
53186
49026
4095935
52866
48226
4136385
52322
47010
4096255
53891
50818
4109216
53634
49026
4134689
53698
47458
4132609
51234
47745
4148609
52610
48802
4148993
50658
48866
4109632
52066
47906
4134369
51298
48034
4153249
50594
48098
4129984
51906
50242
4154177
51906
47682
4110623
51682
49026
4130912
52738
51298
4157537
50978
50210
4170786
54178
49986
4110111
50466
52354
4077534
51874
48706
4136097
50882
50690
4148993
52674
48738
4089118
50498
48514
4146561
51298
50946
4149121
53954
47873
4132768
54306
48514
4091775
53282
49474
4135073
52130
49730
4108223
52834
49218
4069438
52419
49666
4122080
53698
48514
4086943
51170
51266
4164961
53571
51138
4090655
52994
47905
4094591
53762
48194
4122304
54434
47970
4090079
52642
51778
4116832
51138
49698
4149313
50370
49282
4148449
51938
50530
4162401
54338
49090
4088734
50946
47778
4144449
52386
50562
4147873
54402
48258
4002876
51714
47874
4121055
52962
50466
4157601
52226
48546
4104127
53666
51010
4153057
53122
51266
4144256
51970
48386
4087775
52546
48738
4164322
51170
49697
4166530
51938
49250
4117600
51010
51010
4176450
52098
49698
4163042
52834
48994
4162049
51586
48802
4128768
50946
49634
4158594
52930
49602
4164738
52962
48162
4088511
52930
48162
4127968
52418
50785
4154497
50754
50082
4171202
53538
48290
4092639
51042
48930
4143552
51234
49121
4161089
52578
51074
4153505
51426
51586
4113056
53474
48802
4076286
52642
49410
4130848
51650
48418
4151201
52578
51778
4143617
52962
48002
4079550
51330
49794
4151490
52738
48226
4096671
52674
50562
4146721
52066
48418
4082527
52962
51170
4109440
50722
49730
4171426
52994
51778
4171810
53410
48482
4140577
52066
49666
4166210
51970
48194
4106912
52194
50050
4146177
52578
50114
4174466
53346
48642
4089375
54530
48514
4089950
51522
49025
4119872
52418
48738
4104223
51682
51138
4148929
54370
49410
4083390
51426
51106
4165602
54498
50498
4008091
52226
49634
4154721
51522
51330
4160033
54370
48514
4087806
53026
50562
4115264
51714
49154
4126112
52450
48866
4123296
51682
51074
4159138
54082
48769
4069630
52514
48354
4144609
54082
48610
4055165
52994
49474
4119456
52706
49122
4123200
49922
50178
4142049
52770
49858
4148385
53986
49186
4101279
51810
49346
4133984
53858
49666
4079582
52098
50690
4156225
53570
50402
4100639
54274
49250
4083646
52226
50306
4146241
53154
49026
4137217
53378
48898
4083199
52802
52322
4122368
52642
50882
4101119
53219
48994
4138177
53442
49538
4103039
53570
48258
4099615
53666
49218
4076414
53730
49186
4083486
54050
49506
4151393
61282
53090
3932600
54466
52387
4076638
53954
50210
4127840
51970
49602
4121504
53890
51298
4101663
51650
52450
4152961
52610
49186
4109695
51298
50882
4129792
50978
51010
4179714
52930
51426
4104447
52354
51746
4162817
51298
51650
4167041
52770
51842
4090495
52866
50146
4113311
49634
51490
4161793
51170
49794
4147745
51714
48706
4128769
51618
51618
4071454
52354
51298
4165826
53570
51362
4131265
53442
52098
4048381
51170
49410
4142689
50786
51426
4155970
51650
48450
4121344
52322
51554
4163106
51490
50946
4155170
51234
49858
4156385
52002
49954
4027836
52098
50946
4155233
51618
49409
4142753
50850
49442
4137249
50946
49058
4133696
52418
51298
4143009
50658
50466
4126080
51682
49826
4136833
51778
49826
4112352
51842
50498
4066526
51490
50882
4146785
51618
50210
4176898
51202
51458
4162882
53090
51682
4109119
52290
49826
4128608
50946
51874
4075134
52930
49954
4099264
53282
49442
4093919
51362
50466
4130720
52706
51906
4110591
51266
51426
4143489
50722
49570
4156481
50722
48578
4131424
51586
49794
4136352
51458
50914
4113983
52354
49570
4112319
51938
50146
4121504
52034
49314
4088606
52162
50562
4119680
52290
49666
4160673
51618
51970
4155937
52194
52290
4165089
51906
50114
4117823
51074
52290
4178306
52322
50882
4154849
51746
50274
4136928
52162
50914
4121600
52227
51394
4116095
51170
52130
4169217
53026
51842
4101151
53762
49986
4003355
53570
49090
4158401
51874
52610
4169026
51938
50562
4152161
51906
51906
4144865
51138
49026
4170594
51810
50146
4083679
51522
50754
4152706
51426
51330
4122464
50850
50754
4158593
49890
51522
4127168
50882
50818
4132032
50498
51010
4137985
52195
50562
4130848
50978
51202
4111840
52930
51138
4143809
51042
50914
4140289
50786
49858
4173954
52066
51906
4130624
51778
51138
4111999
51330
51170
4133216
51202
51074
4155969
52482
51778
4145857
51618
50146
4146465
51426
50146
3967066
52098
48610
4143201
51970
51618
4151937
51042
50818
4169698
51298
50690
4144769
50946
48802
4170785
53442
51394
4097215
51618
52738
4160417
52899
50946
4113471
52450
49250
4164449
51810
50465
4110271
52066
50498
4147041
50914
51170
4113567
53474
50434
4131521
52034
52482
4148929
50818
49666
4149729
51362
52002
4147777
51330
51106
4123840
51010
51714
4142464
53026
51490
4103904
51842
51650
4125088
52034
50370
4129024
51874
51394
4160674
52418
50466
4135969
51234
50690
4093086
51234
52450
4090590
51042
52514
4111103
51074
51522
4149409
51298
51682
4145729
52002
52290
4088638
50626
51778
4121791
51010
51810
4146305
50914
52098
4119776
52194
51234
4166210
50658
50434
4145761
49922
51426
4176354
52546
51170
4136641
49922
50082
4176834
51554
52259
4115776
52002
51490
4161762
51842
49698
4153505
52642
51266
4088543
51810
51906
4160449
50338
52162
4165921
51106
50530
4111808
51042
51650
4173058
51170
52610
4118272
52515
50658
4126240
51586
51874
4120511
51458
51618
4203299
52514
50338
4053725
51330
51554
4142400
50562
50082
4155298
72003
95811
3885943
103428
98756
3979195
68291
94883
3887959
103493
143877
3891767
102564
50850
4003036
104836
90084
3930969
96740
101444
3989563
97508
90531
3977883
101092
94563
4015900
98499
91683
4007899
109572
91331
3923449
96099
88580
3979515
107397
96868
3890775
99268
49794
4053725
65283
86819
4003579
95235
143653
3862422
103684
59939
3873463
99011
93668
3954458
96004
91459
3964282
102820
91812
3967866
93828
89156
3967802
103908
62658
3974906
98980
89027
4074686
72931
64258
3731889
66850
49602
4010811
108356
92035
3971962
69763
65123
3915608
98115
94116
3992027
65570
49794
4023452
107076
90404
3953818
63618
49154
4034525
104868
63395
3846709
99172
47170
4019388
102500
49826
3996155
55234
51234
3985531
53954
50050
4141569
53090
49474
4131168
51682
48610
4163298
51938
49090
4168962
53474
49826
4162850
51138
49218
4167778
52450
47874
4170882
52194
48866
4162466
51586
49666
4170626
54178
48449
4151073
53090
48194
4166882
51938
52130
4073054
52034
50242
4172066
53346
48962
4166882
51106
49154
4173442
51266
48834
4155873
54626
50178
4154562
52354
50562
4166690
51202
49602
4134625
51682
50274
4170146
51362
50722
4178434
51234
49410
4182434
52130
50178
4173154
52546
50946
4168674
52450
49666
4165346
52226
50466
4171426
53154
49762
4163714
51618
51042
4169826
52898
50626
4153761
50722
49185
4170785
53122
49634
4181186
54050
49698
4146625
52675
49698
4182563
52450
50114
4156833
51522
48962
4173249
52706
50018
4174210
52258
49250
4030556
51234
49090
4158529
51138
49250
4170753
50978
48450
4171906
51010
48930
4167489
51970
48514
4177314
52835
49762
4177538
51842
47746
4178530
50689
49634
4181826
53378
48482
4171585
51042
48706
4138368
53314
49218
4163809
50594
48098
4172738
52482
49346
4170849
51138
48706
4172097
53506
49986
4163297
52450
49314
4157473
51458
48546
4176674
52707
48770
4176482
51170
49986
4179522
51458
48546
4169378
51106
47938
4153857
54370
48898
4161569
53250
50754
4169153
50274
52098
4009372
51842
49346
4159937
53154
50114
4168385
52354
49378
4158977
52738
49186
4153249
51457
49506
4177954
52450
49250
4155297
53122
49250
4179074
51970
48322
4179938
54178
50082
4166337
51106
49058
4177186
53058
50370
4176610
52994
50498
4165665
52738
49762
4164993
52866
48162
4176002
49794
49954
4177346
53410
49826
4177602
51554
49122
4171234
52258
49666
4172066
51106
48706
4176194
52963
48386
4173026
53314
49922
4166401
51426
49634
4165473
52803
49346
4173410
51042
49922
4170818
52994
51266
4100287
51746
49570
4138368
52930
49762
4134784
53282
48162
4150017
50530
49442
4173026
53058
49506
4170850
53506
48674
4176162
50658
49634
4169986
53122
50114
4172738
50690
49826
4172034
51618
49922
4168161
51330
49986
4168930
53154
48930
4178050
52802
48930
4177794
52770
49346
4176578
53570
49121
4156961
51522
49250
4175426
53026
49410
4175298
50658
48258
4179746
51650
50114
4171842
50850
49058
4172898
51906
49730
4171042
50466
49121
4184738
50242
48898
4179906
49794
49570
4188994
50594
48769
4131200
58114
52066
3945465
66403
60130
3725168
65026
56770
3822964
63682
55074
3822708
56322
53858
4014524
53570
51906
3962170
54594
52034
4091038
53698
51266
4117759
52514
50914
4060381
52994
51970
4045757
53762
49346
4122336
55074
48162
4063838
52866
50050
4172194
51554
52418
4186370
51394
49986
4161217
53314
49730
4188643
51490
49218
4187107
52195
48514
4180674
50754
48481
4153345
50050
48322
4152897
51778
48098
4143328
51842
48226
4164097
51810
49090
4097087
52290
49186
4040573
53922
51650
4159105
51138
49090
4186498
53218
51522
4170594
55074
49698
4172418
52707
50306
4163842
53538
48098
4167138
51874
49154
4179202
53250
48578
4172802
51330
48834
4185602
52514
50594
4169442
52930
48610
4178914
49922
49378
4159169
52706
48354
4184482
52322
49377
4177954
51106
49986
4139424
51106
50082
4173058
52162
48450
4185698
52034
47490
4189955
50626
48194
4184642
53090
48834
4177858
51906
48898
4192387
53378
49602
4175842
51074
49154
4183074
50722
49122
4179586
52386
52546
4056093
52802
52034
4158242
54338
51650
4152577
53506
50530
4175938
51778
50178
4176802
51522
51234
4171330
50882
50082
4158114
52354
50658
4174914
51042
49890
4180450
52706
49602
4164290
52994
49506
4167458
52962
50274
4179714
50946
50530
4179874
51458
52162
4186946
52194
49090
4115488
52642
49794
4180450
50914
50690
4186562
52162
50914
4170274
52770
51650
4159202
51554
50050
4177954
51394
51426
4185474
50434
51234
4174658
53314
51234
4162946
53410
49154
4178690
51202
50753
4177666
53890
50210
4058718
51810
51298
4146913
51394
51938
4185475
51170
48994
4174498
51138
49954
4188771
49826
51106
4183043
51394
48770
4195459
51554
49890
4169314
50818
49378
4212035
62274
53730
3849302
54851
50050
4086847
53059
49826
4133505
53794
49346
4070334
53058
49762
4113472
51298
49090
4133121
53858
49154
4124576
53634
49250
4104863
53602
48930
4113280
53314
49250
4129376
52994
49186
4120832
51810
48673
4096191
52194
49666
4135073
53666
49346
4129953
52546
48866
4141249
53794
48802
4106111
54018
49921
4028316
53987
49954
4119647
53858
48674
4132960
52418
49217
4103071
51586
48578
4108447
52898
49026
4157633
53346
48802
4130848
51490
49058
4095135
51618
48930
4127584
53314
49410
4129888
52898
49090
4112831
52930
49090
4116032
52450
49122
4128672
52994
49090
4129952
52642
48514
4136032
52962
49346
4083454
52418
48705
4126976
54371
50434
4125920
53538
48321
4150465
53282
48386
4151201
51810
52066
4092575
52386
49122
4120672
51042
48674
4129312
55010
50306
4106015
51202
49154
4044861
52866
49314
4074302
52226
49506
4124480
51266
48770
4099455
53187
50786
4120832
53314
48418
4128545
52898
49410
4133761
52386
49794
4091166
50722
49506
4120800
54018
51458
4078910
50274
49090
4145632
51842
49826
4058558
51906
49090
4144513
52546
48994
4136640
53026
49345
4135136
50082
49730
4093470
51746
49474
4110655
51714
48930
4131840
53730
50018
4105599
52834
48930
4049437
51682
48514
4120928
53603
49634
4078846
52226
48738
4136224
52290
50274
4109535
51650
49570
4132832
53794
50914
4075262
51202
50113
4147745
52994
49474
4113599
54370
49922
4116224
52098
48706
4131680
52098
49730
4127776
51394
49058
4087519
53762
49186
4143841
51586
49058
4155105
50818
49154
4169250
51458
49218
4180130
51426
48802
4100415
53347
50530
4065918
50370
49154
4137825
51106
49634
4101407
51074
48642
4119136
52354
48450
4121215
53634
48994
4097887
51618
48610
4095998
52898
49954
4121183
52290
48834
4124896
52387
48610
4090526
53986
50178
4063134
52994
49346
4116128
53314
49218
4127520
54370
50018
4056605
52674
48994
4089310
51778
48578
4118463
52258
50177
4121856
52738
49826
4136096
52034
49793
4090047
53442
49314
4113408
51330
49026
4139553
52162
50882
4167234
53570
50210
4114208
51874
48930
4111744
52866
48930
4130368
53506
48898
4128000
52994
48098
4035612
51618
48034
4115520
53538
49090
4133185
53378
49346
4123743
53730
49602
4039389
53538
49090
4118752
53282
48802
4135713
50786
49826
4139457
53442
49377
4073886
52258
49762
4116832
54370
49794
4081119
53058
50082
4065981
51778
49026
4086911
52130
48994
4106496
52386
48354
4100863
52034
49218
4137120
53986
49858
4053085
51426
48130
4131040
52162
50081
4129472
51714
48929
4131392
51714
48929
4109568
52322
49122
4107423
51234
48706
4137440
51682
48002
4143265
51074
49121
4121344
52194
49442
4117664
52290
48801
4125632
52994
48289
4072030
51618
48898
4130880
54114
48737
4125056
53922
48994
4075486
53155
49250
4126080
53762
49730
4074590
52802
49378
4109728
53827
49154
4128096
53154
49314
4081535
54114
52162
4045597
52578
50626
4117600
52738
49474
4156418
52930
48769
4145889
50562
48002
4107616
51138
48930
4121376
51874
49602
4131777
53506
49954
4132640
52738
49314
4104000
52675
50274
4116671
53986
49058
4085087
52994
50434
4123392
54850
50562
4053118
52258
49634
4113440
52002
49858
4120416
54050
49506
4096031
53762
48802
4052189
53538
49538
4123744
52770
48994
4078110
53474
49506
4070814
53186
49890
4091519
52258
49858
4105919
51522
48450
4129856
53250
49601
4130976
53506
48930
4085631
51842
48866
4031324
50658
49378
4131968
51778
49794
4132896
52962
48546
4071134
52578
49058
4117408
51714
49506
4127712
50818
49538
4118368
53122
48706
4058013
52258
49090
4113952
53122
49186
4066782
51490
47650
4135745
52130
48866
4046077
51650
48994
4109376
52034
48418
4084959
50786
49314
4137953
52130
49730
4099519
52642
50114
4107711
52834
48578
4097119
53090
48994
4125632
53794
50338
4039485
52642
49378
4107679
51714
50146
4137569
51906
49538
4123904
52898
49026
4095999
52994
49890
4045469
52386
50114
4135904
51362
49378
4128448
53410
48898
4097759
52834
49378
4120031
53250
49313
4077662
52194
49794
4127872
53602
49826
4091486
52034
49602
4103551
53890
49602
4086878
53314
49410
4070878
52418
48705
4092574
53186
48994
4111328
52642
49474
4140192
51682
49058
4082526
51938
49474
4085406
51714
48546
4129697
52834
49378
4113920
53186
50017
4064254
51330
48514
4070686
51810
50146
4135265
53090
48866
4124832
51074
50370
4121215
52738
49282
4086143
53218
50242
4101759
54914
49506
4066781
51298
49410
4152257
51810
50434
4090462
51810
50306
4111711
53058
50209
4130080
51170
49345
4123968
50818
48258
4095903
52770
49090
4108351
53794
49250
4087454
53890
48386
4069822
51970
49218
4093023
51714
49954
4118560
51522
50018
4120384
51842
50402
4128128
53698
49570
4100095
52866
49281
4118336
54210
49249
4140961
51906
49634
4084703
53410
48770
4045149
52962
49122
4099295
53378
48514
4087775
53186
49921
4078590
54530
50594
4088991
52098
50050
4104191
53378
49633
4125984
53666
49090
4054333
53154
49666
4083775
52611
48449
4125568
54434
49986
4077790
52930
49922
4123264
53602
48738
4050493
51906
50113
4086879
52931
48770
4120864
54210
49250
4074110
52258
48802
4093951
53442
49954
4101535
52770
50050
4124640
51490
49442
4124128
51010
48898
4104672
53474
49730
4118655
52866
48897
4134528
52898
49090
4138496
54146
72642
4052637
53762
49762
4107999
51778
49634
4130912
53666
48770
4087998
54562
83588
4038237
52162
48898
4114304
53314
49506
4135905
53570
50594
4063774
51362
48930
4094175
52642
49666
4126912
51074
49858
4137185
53058
49410
4132064
53154
49121
4068606
53570
49986
4105887
53282
48450
4127104
53538
49602
4079966
51394
49122
4121472
52834
49410
4117632
51106
49090
4130016
51330
49250
4066718
40770
42050
4259206
46178
44386
4199395
50946
49474
4137377
51106
49154
4159233
52066
49186
4106047
51970
48802
4127616
51650
49378
4079166
50242
49506
4133889
52002
49826
4099039
51586
49282
4123391
50978
49570
4134464
50818
48290
4124416
54338
80867
4038941
53186
50562
4136129
52354
50210
4117887
53730
49986
4087614
54402
71714
4048349
52354
48642
4120288
50882
48514
4133440
54082
48994
4132000
52834
49058
4108703
50914
49346
4097151
51586
48610
4130304
50306
49538
4121376
52738
49602
4101983
51266
48226
4136705
53506
49442
4087455
51234
48962
4136161
53762
49154
4109568
52738
49442
4108543
51554
49090
4130528
52451
49186
4082590
51042
48802
4102176
53378
49250
4117055
51778
48225
4130752
52834
49250
4128288
52098
49538
4096767
53282
47074
4084638
51746
49634
4138401
52258
48994
4105855
53378
72131
4046717
52258
48706
4135072
52930
49218
4064926
52130
50114
4136993
51330
49666
4104255
53826
50210
4113824
51650
49634
4117504
50914
49026
4122912
51938
49250
4098271
52162
49410
4119487
53474
48258
4128800
51906
49442
4076606
54178
69219
4072414
55810
48962
4096831
52354
49762
4124992
51170
49377
4127168
51778
50146
4102943
52962
49058
4116256
51650
49666
4155841
50786
49410
4138049
53858
49314
4104447
52290
52514
4053374
53090
49794
4129312
52386
50242
4124128
53122
73699
4010491
53282
51330
4119104
53602
50082
4067837
52162
49794
4129920
52546
49729
4101215
53282
50466
4100767
52866
50274
4120096
55138
49570
4065661
53506
49826
