116099
37377
32608
27457
28001
26400
25856
26209
26113
25216
365513
25761
24193
659057
25089
23425
680209
25697
24001
681810
26977
24417
679281
24352
24193
689810
25057
23905
684626
25057
24001
682033
26657
24193
683761
25761
23776
676369
24961
23617
686161
24833
23680
810709
30432
25344
484972
26849
24673
672978
25121
24640
677361
25857
24033
652337
24513
24193
691026
25729
24640
686162
25217
24064
690034
25793
24032
684722
25313
23808
682418
24769
24224
687378
25121
23648
689042
24929
23424
686962
25697
23713
675826
24929
24480
688114
25569
24352
652369
25185
23808
691154
24897
23712
689778
24705
23552
688818
25088
23777
686098
26657
23873
668913
25216
23681
688754
25120
23905
686738
25376
23585
684914
25280
23745
694866
25568
23969
692690
26593
24289
652721
25088
23873
678674
26817
25120
673041
27168
24065
639024
25184
24065
678226
24928
23969
685426
25280
23873
693330
27361
25345
658417
27425
25760
663409
26529
24992
674001
27201
24992
677106
29440
26529
591375
28065
26817
641616
27297
27073
660626
29056
26944
636145
28353
26433
649840
28672
26881
653553
30561
31617
576687
31393
28993
579535
30049
28801
631697
33665
30529
588272
32801
30913
568815
31457
30497
607632
32961
30753
568335
31873
30721
608624
35297
37953
506765
33441
32385
578927
34272
33153
579887
34721
33313
554062
35809
32481
564718
34401
32577
575983
34081
32033
575471
34625
32225
569999
33088
32801
589999
37153
35489
487724
125443
37953
408650
36225
34881
550094
36449
34177
539758
36449
34817
519726
36993
35041
543790
35905
34241
519565
37601
34913
548238
36193
33857
561167
36961
33857
542030
35905
35329
559023
35425
34625
560815
38849
43458
489965
38369
36513
534638
40257
36353
507021
38177
36833
526606
38593
37377
529134
39201
36577
528526
39649
36641
532526
38081
36673
522670
39137
36769
523118
39361
37057
526030
39137
35905
519630
38113
36257
532334
37921
37121
533742
39969
37025
491181
39649
36768
515341
41313
39169
470380
40449
39233
510285
41698
39745
492141
40897
39105
494157
41313
39297
500845
41505
39585
494765
39489
39489
509229
41153
39969
499501
40513
39937
506605
40994
39329
499053
41665
39105
481580
41505
38881
503341
41986
38849
488204
40769
39105
495469
41250
39425
499821
41569
40097
491628
40641
39009
495596
40769
38945
505453
45666
62498
415211
45345
41217
450956
45409
42529
461292
44993
42689
462348
46082
42593
455308
44930
43426
450124
44321
42977
456972
44001
42017
458188
45890
43137
398795
45409
43105
444044
44001
43233
453996
43777
43521
458892
44994
42242
451276
43778
42593
452204
44801
43457
456172
44769
43777
462028
46401
42689
445004
45409
42817
442252
43682
42882
461100
43905
42242
456940
44578
42274
461036
43905
42402
460108
44609
42658
463372
43329
41793
473484
50338
48386
376745
49570
47521
399274
49089
47169
407658
49154
46881
410346
48290
46049
406858
47106
46561
404522
48353
47041
409322
49378
47329
408459
48802
47233
399147
48706
46625
403627
47169
46433
418123
48194
46913
407691
49537
46369
348361
48769
46369
413003
52417
97922
256743
47745
46754
400394
49569
48033
378122
48577
47041
405099
48673
47874
402859
49185
47009
410667
47969
48002
395018
48577
48130
413227
48065
46465
402954
50113
47265
395946
48801
47201
393834
48353
46913
406123
48481
47138
405163
49249
46978
403051
48929
47202
406379
48353
46690
421066
50785
46849
393803
50338
46369
392587
50210
46273
388778
48801
47841
413578
49730
47041
394698
48866
45953
417803
50049
46754
385930
49442
46721
394346
48706
46881
417227
51073
45985
394698
53665
47265
296327
50497
47137
344361
49665
46689
389098
49122
47489
397930
48994
46145
406187
49377
47298
383146
49858
46433
402699
49793
47713
343817
49665
47586
390475
50305
47233
342825
50145
47458
396907
50785
47297
338505
49569
47746
397675
49410
47521
371882
48801
47138
400619
50210
48097
324361
49985
47330
397835
48897
47009
381930
49953
46466
394442
49761
45921
337929
49185
46370
389130
48961
47521
407883
48929
47938
395050
48929
47170
402475
49090
47329
375370
49537
46978
403370
49730
46593
343273
48737
46721
394730
48257
47745
397290
49857
48001
392746
48865
47010
412043
49889
47906
343272
50562
46721
390090
49025
48674
341256
50370
46561
388906
49601
47746
348426
51745
47746
369066
48289
47297
403754
49250
47297
400938
49377
46754
388907
49634
45889
390826
50689
47490
344425
50498
47809
393866
48129
46562
401579
50721
45857
379817
48994
46657
365514
50529
47137
336937
49185
47041
400043
48705
46881
401547
49250
47073
388426
51042
46945
395883
48674
46753
404555
49985
46017
337865
49410
46913
407147
49601
45953
389098
49537
46466
403659
49730
47009
364106
49058
47265
415883
51041
47233
338537
50081
46690
404075
49441
47329
385098
48769
46017
421355
50466
46817
344297
49313
46305
403050
49794
48513
335785
49921
46401
398986
50882
46241
339241
49025
46913
404714
49570
46465
344489
51490
46561
388010
50178
47361
340713
48641
46689
397482
48098
47265
394474
49921
47521
396938
48801
46721
310313
50657
46529
337032
50210
46273
383242
49505
46785
403210
49282
46657
391466
47713
47041
409962
48577
47297
403434
49857
46593
404394
48577
46657
405386
49282
46593
400138
50689
47105
335816
49026
46465
412875
50593
47457
328072
48706
46977
409451
48353
46882
395979
50593
47554
387178
48161
46753
399018
48193
46561
417515
49633
47073
347625
50817
47489
378762
47202
46401
420395
50273
46113
348265
50785
47329
390186
48897
47137
376106
49217
48257
412747
49986
47585
341225
50145
45761
375018
48417
47297
405003
48609
47170
398346
48577
48162
406347
50146
48321
333865
53090
47489
375690
48481
46369
405834
49986
47361
337961
49313
47073
392874
49441
47201
400874
49281
47681
399658
50177
47169
338793
49313
45857
399978
50498
47841
341929
48802
46689
384938
48929
46914
411210
48289
47553
404714
48738
47585
394378
49985
47714
342857
48610
48289
392778
48450
46497
400490
50369
48130
339400
49858
46817
398698
48385
47969
385898
48706
46017
391818
47393
47554
422571
49282
46241
397354
47874
46593
402954
49569
47585
393962
50946
46945
366826
50369
47074
381097
50657
47554
397835
50177
47425
404747
49537
47746
386762
48897
46849
400011
49921
46466
396043
49345
46466
399178
51393
47202
462092
50081
47169
306280
48865
47041
400907
47681
47169
404267
49121
46530
389130
48194
46625
418059
49409
51073
330121
50273
47809
378986
50785
47713
386378
51105
47521
314984
50465
46849
394858
50561
47009
388938
50465
47394
402186
50114
46689
336553
50369
47138
398730
48481
47105
388810
49121
47522
408395
50113
46529
387498
48737
46977
407242
50050
46209
390666
48321
47361
403498
49281
46114
333769
52865
48193
317128
48833
46529
373514
48673
47170
409771
48801
46913
406762
48929
47137
408618
49090
46049
391434
48225
47297
402826
49346
47457
402538
48833
47137
408522
48994
47809
393610
48130
47393
397482
48354
46881
411819
48993
47105
406475
50497
46785
389067
49186
47137
406923
49313
47553
407467
49889
47681
376234
50273
45890
383626
48578
47169
407883
50017
47329
392971
49602
46145
406379
49186
46817
398666
48930
47265
401899
48802
47361
401515
49154
46529
418187
50818
47553
374154
49153
47042
398955
48193
47393
405387
48577
47105
408971
48769
47553
402251
48257
47073
413291
50081
47297
391626
50081
47778
410795
49153
46529
390634
48673
46657
405867
49249
46530
400971
49665
47330
400939
49153
47041
406795
50241
47970
403850
48577
46337
396522
49025
47618
410667
48321
48098
402154
50113
47393
399626
49313
46945
403626
50145
47297
405290
48257
47425
411946
49890
46913
387722
48193
46241
398794
49921
47393
405706
47970
47201
394666
49729
46945
401994
48385
48129
404042
48354
47745
416683
49761
46658
379946
66850
45569
258983
49825
45921
383530
50977
47042
372714
49505
46242
380009
47777
45857
409994
48290
46721
406187
49217
46529
396363
47554
47041
407371
48418
46497
407179
47106
46433
412203
50113
47361
402347
48193
46369
398347
48642
47681
407691
49345
47233
412459
50561
47682
402890
49121
47297
391466
46305
46337
410379
48385
46849
419115
50081
47554
392714
49697
46978
401259
48577
47042
397002
49633
47330
405003
48833
47330
401259
65377
47777
250982
49889
47393
432043
50050
46881
302344
48449
47713
407978
49154
47585
383978
48961
47713
406794
50818
46625
387178
50466
47585
309449
51937
47265
316136
48673
47809
402026
49505
46401
392042
48097
46658
408714
47745
46945
405706
48641
48097
401770
48002
63745
303592
50626
50594
339753
48577
47681
375177
49378
47233
393834
48386
47137
399818
49282
47809
409099
50945
47649
358729
48322
47425
402858
49634
46145
396906
48354
47713
395754
48802
47265
403786
48258
47169
408426
49058
47201
403883
49026
47745
398378
47554
47489
418891
50081
46977
393227
49762
46497
404523
49890
46785
413643
50049
45890
392907
49729
47009
394635
49985
48001
396171
49474
47265
405611
49889
47202
390923
48674
47329
404555
49857
46241
405547
50145
46785
381354
50209
47009
381514
49601
46658
388907
48642
47009
406667
50049
47362
390251
48962
46305
416139
48897
46337
400811
49313
46849
409707
50657
46913
384362
48545
46722
396267
49793
47233
380330
49793
47361
394506
47329
47585
393674
50594
47553
373578
47873
46337
407915
48705
47394
396426
47745
48257
405163
48961
47393
389258
48353
47297
403691
49793
46562
398250
48289
47170
400491
49762
46561
377610
48225
46882
398859
48481
46081
414027
50145
47553
386058
49153
47330
395530
47649
47009
419019
50690
46753
379242
49153
47874
399306
49121
45954
409195
47937
46210
399882
48801
46530
404267
48673
47266
405355
48897
47522
399562
48769
46657
390090
50209
47169
393386
47361
47233
418731
49441
47681
393162
47873
46817
428459
50210
46337
379242
47969
46849
416043
49026
46689
384746
49025
47170
403114
50049
47649
403946
49089
46497
392778
50658
46241
383530
47937
46497
414378
50786
46113
389450
47425
46593
411275
50369
46465
381258
48097
47106
411594
49217
46273
402954
48865
47873
400490
48513
46433
400458
48193
47265
400938
49314
46913
397322
47969
46881
422923
50113
47105
385642
49537
46945
407338
48641
45794
387210
50018
46977
384234
48481
47201
405962
48642
46977
408203
50466
46369
396650
48833
46370
376458
48193
45729
415338
48769
46914
378922
48705
47329
414027
49633
45857
388362
48482
46369
408011
49793
46850
383530
48513
46849
410250
49025
46081
399755
50177
46754
381322
49089
46946
382890
47969
46561
405290
49442
46273
396394
47649
46081
410730
47617
45825
409995
50465
46209
386954
48354
46721
411083
49057
46433
392234
48418
46657
419755
50689
46690
381962
48354
46753
406827
49921
46977
334665
50017
46721
400299
48673
46369
379050
48354
46977
403595
49121
46721
399659
48962
47041
402187
49953
47361
381962
49410
46977
374698
48545
46561
387082
47874
47009
402859
48162
47393
408427
48865
47489
400747
47841
46721
398091
49121
47777
395595
47714
46305
408171
50785
46881
400107
48449
46305
407275
49569
47457
339401
48737
47106
393130
49249
46401
346217
50529
47105
378538
48961
46849
407147
49537
47617
383498
48257
47361
406539
48737
46593
403627
48001
46305
404203
49026
46562
353065
49601
47649
404107
48642
47201
378442
48929
46882
400938
50145
46305
383018
49410
46913
410347
50625
47489
386602
48545
46625
380778
48225
46529
421515
49953
47201
379658
48993
47361
396298
48129
47586
409194
49761
46849
385930
46914
46881
383882
47809
46945
415723
50241
46945
380298
48417
46690
405771
48226
46849
393098
50978
47169
382538
47138
47329
375402
49473
47682
395850
48033
46785
413579
46978
46241
397098
50657
46721
396458
48577
46946
403914
49122
46305
343913
50241
47073
388970
49921
47617
395850
49186
47585
337481
48801
47233
400266
48737
46945
375498
50209
46753
405130
48193
46177
380938
48385
47009
405194
49569
46082
340905
52130
47041
379818
48417
47009
407146
48226
46497
385354
48801
47137
393322
48993
47554
410570
49314
47329
390730
48226
46305
384138
47681
47362
410090
49538
47137
337641
48097
47618
411883
49633
48801
400842
48577
47169
394186
50754
46817
392426
49249
46753
404394
50401
46690
339368
51010
47137
397130
48033
46690
384010
50337
46785
380234
47714
46401
398506
48545
46914
372649
48930
46561
388490
47777
47169
407050
50689
47586
336680
49089
46945
397386
47937
46785
407850
49313
46241
387690
49314
46433
400938
48994
46977
403562
48321
46978
389482
51425
47522
381226
47682
46497
404587
48833
46818
386794
49218
47521
387018
48225
46625
409162
49249
46401
386314
48450
46881
389994
49889
47298
386986
48610
45761
408971
49313
47073
386506
48002
46849
399050
48417
46529
414794
48770
46465
408395
48066
46753
410155
48802
46689
400522
48930
47681
398122
47650
45665
413195
50369
47361
332872
48290
46113
411115
49313
46625
345705
50305
48065
387082
47713
47201
378922
47618
47041
416587
49761
46945
380010
47362
46657
414635
48033
47681
351369
50593
48097
378730
47425
47041
374922
48385
46881
398411
48257
46913
400427
49217
46370
393483
48929
46177
374346
48194
46049
420267
49153
46178
400810
51649
47457
389066
48802
47585
383082
50785
47073
381578
48449
46849
406251
48705
47393
394986
51329
46561
383274
48257
47297
403499
49026
46625
385194
50529
47041
389482
48513
46081
415307
50529
47329
387050
48225
47393
409803
49537
46945
391754
47745
47489
419659
49218
47169
336361
49377
47106
399914
48545
46561
379402
49569
46945
416587
48546
47297
346569
50689
46977
387210
48321
45922
407339
48994
46113
379786
48545
47106
400138
49954
46785
387402
49409
46658
404010
49825
46401
393994
48770
46625
396714
50594
47329
390090
47713
46818
402218
49250
47233
342025
49025
47618
401386
49217
47778
398794
49409
46337
394570
49890
46145
344841
49537
45665
391114
48513
46497
413707
49377
46177
407946
49025
45665
386538
49506
47201
385706
48833
46977
405354
49921
46498
332809
48961
47425
399818
47905
46977
377642
49089
46721
402378
48033
46561
387114
50434
46049
387370
48673
46881
407562
47745
47841
384618
50146
67618
299944
50209
47073
384938
48097
47105
395882
49217
46722
415211
48546
47618
338441
49217
47297
394506
48961
47201
392170
48065
46978
414346
49570
47233
399402
47809
47554
382282
49122
46625
391690
48897
46785
387466
48129
47841
395882
47873
47361
413738
48993
47233
401130
49090
47105
393802
49570
46945
392522
48193
46849
413130
49954
46305
399242
48385
46465
410378
48577
47073
384906
49441
46529
406762
47201
46817
408650
48194
45345
414507
50625
46530
377289
49825
47329
368873
49794
47393
403210
49473
46497
380329
49730
46945
403147
49697
47361
333737
48961
47073
389962
48449
47329
411755
47841
47938
392555
48897
46689
384842
49185
46721
332488
48322
46753
406091
48065
46466
376265
48610
47777
402698
50658
47361
387146
48866
46433
410411
47554
46433
402474
49122
46465
409899
48354
47105
397067
48514
47169
405579
48674
46497
407915
48353
46881
397259
49217
47170
394411
48737
46401
402027
48257
46689
394090
50337
46946
392810
49569
46625
336649
48769
46881
405291
47553
46433
384266
49697
46850
390923
48386
46785
421067
50017
46722
390187
48673
46338
394571
49729
46817
338377
48225
47809
408331
49953
46466
404299
48930
47041
374346
49953
46754
404299
49058
46945
334761
48833
46402
397803
47937
46785
384778
48449
46721
406795
48865
46721
380746
48257
47426
400587
48769
47553
382378
48961
47073
406283
49378
46753
380842
48097
46785
410091
48289
45697
401547
50049
47522
403147
49890
47681
335881
48673
46241
403883
49057
48097
406699
48257
46433
406507
48098
47425
391786
50338
46849
385482
47873
47009
397802
48642
48225
376202
48513
46946
409386
49665
46658
329385
48641
47041
401258
48002
46753
380010
47233
46785
412555
47874
46945
401130
49602
46561
374858
48385
46274
401515
47905
46370
407979
48609
46530
405707
49441
46689
403210
48034
46433
381642
49185
45890
401451
49601
46658
401354
48577
46114
404139
49473
47105
397834
47969
47266
411403
50177
47553
335945
49953
47073
399274
49569
47170
332808
49697
46657
400042
49249
47074
344617
51458
46337
388714
50433
46306
337961
49313
46401
407274
49793
46402
332489
48385
46625
400938
48961
46593
401386
48833
46913
400970
49505
46241
405098
49217
47426
328136
48353
46497
403050
50657
46530
368937
48097
46914
415850
47873
46626
377450
49057
47489
402026
48642
45793
396970
48641
46433
412234
48961
47330
380458
48130
46785
400778
49473
46273
391946
49474
47105
400938
48865
46722
391210
51009
46434
377513
48226
47137
400298
48641
46913
388298
48577
47521
397642
47681
47393
417739
50625
46497
385130
47873
46946
387019
49858
47713
388362
49217
48034
385930
49026
46273
402283
47970
46561
405867
48610
47809
401035
49282
46849
397931
48002
46817
408171
48961
47233
377866
49089
47073
394507
48225
45601
384042
49602
46785
397739
48641
47073
376362
48289
48161
400875
49089
47009
339048
48610
47201
400554
48578
47745
403307
48226
47233
407883
49121
47169
371849
48514
47361
412043
49057
47201
345481
50657
47201
383594
48289
47169
386378
48001
46721
403339
50305
46561
338761
49313
47554
397355
49537
46817
338153
49281
47106
393483
48545
46817
403339
66241
46401
335753
47649
46337
409643
50657
47073
388170
48065
47265
394826
50081
47041
391210
48129
46817
382474
48929
46305
405963
49089
46561
346569
50561
46977
389866
48322
46817
335689
48865
47681
401067
48865
46369
407915
48482
46497
387306
50145
46881
388074
50113
47297
378634
48513
47074
412011
49602
47201
375082
48449
47042
395723
50049
47041
383082
48097
46433
411755
48226
46593
335241
48321
47170
404875
49153
47458
397771
48321
46753
411339
48929
47170
402218
47234
47073
397194
50593
46657
396970
49890
47361
337705
48193
47361
401834
49154
47169
334057
48866
48033
375882
47906
46561
384874
49057
46370
403531
49057
47713
390410
48417
46914
405482
48450
47041
369898
48033
47009
403562
49441
47169
400298
48097
46209
378282
48737
46818
413675
48673
47138
331401
49953
47905
392298
49057
46946
408267
48961
47489
396650
47649
47810
405386
48129
47009
404938
48481
46081
396170
50050
46241
378922
49666
46273
386922
47649
47905
402698
48577
47713
386602
50273
47073
407562
49121
47490
334984
49601
46817
398314
48833
46689
380906
49249
47329
400298
47681
47617
400138
48257
47585
402314
49409
47714
376554
49313
47585
408970
48545
47554
375786
48290
47425
398730
50465
47554
331240
48897
46465
399306
47041
47394
430828
50529
46978
380105
47842
47681
407051
49473
46241
386986
48930
46529
396938
49122
47681
391146
49217
47617
403530
49089
46082
381545
47906
46145
399818
48033
47042
341000
47778
47361
397258
49249
46753
405482
48962
46785
390282
47969
47041
392298
39073
36896
504493
38337
35489
547598
49730
53154
363337
48322
46913
405258
48226
46529
411211
48353
47169
408939
49697
47586
386378
49473
47041
386634
49281
47362
389162
49633
48577
332393
48833
47041
399019
49185
46945
334281
48130
46945
404203
48705
47265
377514
50017
47937
395435
48929
46946
385770
48321
47105
416811
48001
47041
395051
48834
46593
399755
49058
46657
408043
49985
47745
393962
49218
48097
402795
48450
48001
409227
48897
47265
381322
48641
47905
406059
48161
47745
382602
49121
47393
397675
48289
46689
418475
49185
46594
399147
49026
48097
338697
48865
47778
391499
46690
47745
418891
48257
46721
397995
48001
47489
404555
48513
47073
402667
48225
46817
402155
48897
46945
398827
48162
46433
413803
48449
46017
421387
50625
46209
401290
49538
45985
331049
48289
46401
411467
48898
46433
382954
47937
47426
397451
49666
46657
376746
48289
46882
408971
49506
47105
341129
50209
47873
387690
49026
45377
376138
49889
46850
399819
47585
47713
406347
48737
46242
407563
47970
46849
385866
48801
46049
406859
49313
46721
394794
50497
46753
380298
47809
46433
414731
48193
46561
425707
50050
46497
389130
48929
47041
400746
48481
47810
403946
49249
47105
375114
48833
46337
408138
50017
47394
342889
50722
46977
386442
49089
47489
400426
48417
46913
392042
50818
47105
384938
49249
47394
332809
48673
47681
404426
49569
46433
337801
48641
46722
408074
49441
46497
372394
48417
47330
402410
48129
47906
415850
50594
47521
394698
47554
46977
398922
48673
47201
409482
47969
47490
378442
48449
47137
405322
48097
47041
382570
48417
47105
404234
47201
46529
391562
49570
47937
388554
47265
46274
413931
49633
47425
406026
49570
46561
399722
48226
47393
393290
48449
47009
401546
46497
46849
387978
48193
46305
400362
49154
46465
398186
48833
46305
406922
48801
45794
352169
49569
47458
384330
49537
47905
327496
49506
47457
401450
50081
46721
373705
48898
46145
400202
49217
47650
382666
49089
47777
406922
49697
47010
344168
49858
47553
391946
49474
47201
406122
49185
47233
372361
49410
46881
412203
48929
45985
346665
50945
46050
387403
48865
47137
330024
48898
46945
403914
49538
46785
397258
50210
46497
396522
48353
46913
415595
48034
46145
409611
50881
47617
368554
48962
46497
402027
49313
46721
337865
49889
46977
398763
49473
46689
375658
48738
46465
414379
48833
47009
399083
48450
46913
406283
53410
46722
349578
49537
46529
375018
48002
46945
404075
49730
47809
409067
48257
46177
392299
48610
46081
409099
48610
47233
379402
49378
47329
406283
47457
46657
412907
49601
46210
392907
47842
46849
410219
50049
46913
404939
51489
46817
407147
49665
47041
352745
49505
47201
387850
49473
47265
397738
48385
47554
393259
49153
47169
409259
50049
46945
385418
47265
47009
408395
47873
47041
379658
49730
47649
410571
48033
46209
408011
49633
46881
411051
49154
46337
378186
48769
47362
405067
48385
47042
403114
49986
47073
332233
50369
47649
387402
48033
47041
424875
50081
47841
382922
48641
46818
408139
48769
47586
376394
50050
46081
379882
48865
47010
404426
48257
47010
370410
49697
46914
397258
49665
47425
391946
48449
47937
407723
48193
47969
408843
53601
47266
412427
49793
46945
387018
48449
46625
410091
47873
47042
402411
48193
46434
415083
50081
47329
395978
48353
47106
413707
50273
46722
337224
50018
47489
385962
49953
47553
399306
49442
46977
337801
50209
47233
401194
49121
47137
391274
48321
47970
405482
49089
47617
402538
49185
47105
398826
48385
46658
401898
49185
47138
401866
49441
45826
403050
47681
47682
408747
49057
46465
399690
48161
46561
412843
47137
46498
410378
47617
47298
409642
48385
47297
402186
47265
46914
410379
48993
46625
399178
49025
47201
409162
48449
46369
382250
47585
46849
405002
48161
46401
410794
50338
46785
387978
49314
47073
400554
50433
47682
329224
48321
46658
418090
49474
46497
395434
48257
46209
413706
49442
46913
389994
49121
47649
400938
49249
47649
400234
48929
47649
412522
50625
47521
382474
47329
46913
417771
50241
45825
388458
47970
47201
414123
50145
45825
389514
47521
46081
408810
49058
46337
413259
50561
47073
398187
50370
47265
397866
48322
46881
410219
49633
45953
398091
49026
46081
401674
48513
45889
408042
48929
45985
418859
49633
46721
393322
49922
47105
416523
49217
46977
398794
48898
46625
417611
49441
46913
330537
49313
46625
400779
48194
47169
406891
50465
47170
386922
47298
46433
414443
48450
46881
406027
48737
62497
318377
48801
46561
398987
48097
47009
393163
48449
47553
397003
48897
46369
393835
47650
46881
414699
48770
46689
409675
48897
46785
401387
48929
46273
403531
49314
46305
408459
48066
45569
420555
47970
46017
417131
49217
46881
395819
47682
47201
430443
50657
46945
382858
47746
46113
414987
49025
47521
406539
48065
47041
404331
49121
47393
410187
47617
46177
404843
49793
46561
406347
48577
46433
410123
49185
47522
402347
49377
46850
395210
49185
46977
334057
48705
47745
406859
50017
46625
391082
48897
46561
404971
48898
46849
379690
49825
46817
386986
48449
47490
402026
48737
45729
372586
48609
46753
405003
48897
46850
397354
47009
47137
406091
48737
47937
393610
46945
46753
408523
49505
47202
401578
48769
46881
395946
48993
46882
396906
48385
46113
412139
49218
47393
338857
48321
46274
413387
50850
47105
386538
48418
47425
381514
47937
47202
402507
49185
47138
406826
48098
47297
388010
48065
46018
405578
48866
47041
348041
49346
46945
385770
48129
46434
405611
48641
46978
406858
49153
47074
399722
49153
46913
404170
48418
46273
394858
48737
46274
373706
48481
47938
403370
49121
46337
401194
47041
47778
401066
48577
46274
408779
49377
47553
406026
48321
47361
380618
48929
47073
396938
48289
46561
366025
49153
46529
406090
48737
46785
387914
50402
46145
394538
48737
47041
345833
49473
46817
380938
47329
46977
403946
48673
47393
399018
49281
47394
373193
48961
46753
399114
49409
47681
396778
50242
46337
398378
48833
46753
409898
51170
46721
386666
49089
47234
375882
48354
47201
406059
49473
47713
421067
49506
47297
361129
49153
47201
334408
49474
47297
392650
49666
46561
396714
48577
48545
411467
49121
46977
342793
49377
47074
377513
47650
47457
409067
50849
45634
385898
48514
47713
398506
48834
47841
401835
48641
47425
333512
49698
46593
396106
48290
46689
412747
50401
46690
383882
47393
45793
407466
46945
45953
426251
50177
45698
393579
48322
46817
397770
50018
46113
400522
48577
46305
417963
65090
47457
267975
49825
47585
382762
49569
47809
399819
48162
46209
402315
49601
48002
396043
48385
47009
397995
48897
47009
398795
49154
47777
397227
64674
46593
317257
49313
47137
381258
48225
46337
403019
50657
46401
337353
48673
45634
390987
48098
46433
414667
50177
46754
355977
49217
46497
394347
47426
46625
412395
47905
47137
405003
48737
46497
398859
49761
47585
402859
49473
46274
397482
48417
46914
361002
49761
47362
397323
49345
47906
394187
48385
47233
411499
48513
45986
402507
49633
46978
398923
49185
46945
405451
49313
46881
407147
49185
46593
408107
49538
46433
336137
48321
46337
418123
49121
46913
412683
49281
46017
394378
49889
46946
397962
48193
47297
413419
47809
47618
367242
49409
46657
397066
48289
47169
354985
48961
46849
396106
48257
46530
414763
51298
46753
371818
48833
47810
407626
47457
48001
393546
48097
46530
405482
48994
48289
329225
47681
46721
402571
48801
46497
406763
48161
46785
407979
48225
46370
406443
47905
46850
407083
48929
47233
401866
50113
46785
399978
48545
46273
412043
47745
46625
420363
49729
47073
400394
48225
46369
402186
47393
46530
414219
49153
47297
393226
48449
47265
405738
49281
47809
399818
48225
46786
367273
49793
46273
404778
48705
46978
420971
48161
47361
406090
47809
46593
398762
48737
47521
399722
49633
46754
338473
48225
46657
402794
48385
47745
398026
48833
47778
406858
48577
46178
409770
48961
47041
409322
50945
47233
372553
49409
47201
402634
49538
47521
399178
48769
46817
412650
53378
46817
408779
50081
46369
322280
48226
46593
393898
48961
46945
402474
49986
47009
397130
47457
47201
408170
47425
46721
402666
48801
47105
404554
49474
46977
400234
49218
46785
402026
48449
46081
413898
49474
46529
401962
48610
47681
395338
48322
45921
410986
48289
46657
415690
49058
46337
398154
48802
46785
408139
47841
47201
418571
49986
47873
406346
48962
48225
403307
49122
48001
401482
48641
47233
410378
48834
46465
398986
49218
46561
404459
48706
47329
392554
47745
46689
411306
48738
46465
404746
47809
46689
415659
50273
46593
372458
51106
47329
398283
47490
47553
402539
49313
46977
402763
48897
47233
398347
49313
46785
397867
45985
45601
421611
50850
46753
324969
48929
47554
391051
49313
46177
399403
48193
46369
416235
49281
47329
359274
48321
47169
398859
48706
46881
400875
48098
47169
410091
49089
46913
403691
48737
47105
399115
48577
47393
409163
48161
47042
397195
48897
47713
401483
48225
48002
393355
47937
46785
408939
48609
47617
403723
48353
47233
408043
47681
47330
391562
47681
47137
410795
48705
47554
391210
48385
46465
413003
49057
46274
390219
48577
46529
423659
49025
46657
358506
49089
47201
413579
50433
46913
393450
49793
47202
396362
48001
46593
405291
47905
47329
385290
48033
47682
397930
48897
47330
396234
49377
46849
385962
48449
46882
406027
47905
46882
404107
48961
47426
398922
48481
46370
404394
48801
47009
394698
48737
45953
395402
49409
46465
410987
48449
46530
418155
50177
53697
232998
48897
46753
389546
49441
47329
397450
48577
47649
392330
49633
46913
406314
49953
46625
397610
48929
47522
403402
48065
45857
406250
48321
46977
413643
50209
46913
319944
48385
46849
394058
48417
46881
400618
48129
47362
405322
48449
46178
401802
49121
46210
409995
47649
46337
409739
48065
46178
414379
62402
57538
180485
52225
46626
333001
47809
48002
414187
49377
47361
399082
47969
46850
407722
49473
46753
389994
49729
47074
408779
48225
46369
405578
49409
46273
399850
48225
46594
401450
49569
46626
405130
47809
46530
426347
49921
47105
352041
48705
46177
394986
49697
48066
398954
47553
46497
406699
49153
46466
403371
48385
47810
399210
48609
46498
400426
49121
47202
402474
48545
47138
403178
47969
46977
397386
48673
46178
401514
48865
46337
411499
49025
45954
408139
49185
47138
416266
50593
47393
317672
48161
47714
417418
49889
46785
345993
48321
47650
399051
48577
47009
407051
47041
46785
418123
51361
48322
323208
49794
46785
334473
48929
47586
406634
49249
46753
390954
48257
45857
400618
50145
45793
404810
49313
46753
390410
48161
46241
409931
49153
46241
417707
48962
46113
337737
48641
46913
390186
47521
47329
411307
49345
46753
394250
47297
47265
414827
48353
47073
390890
48257
46529
413963
48673
46626
395659
48225
46689
407851
49601
46433
409675
49889
45729
390954
48481
45825
402155
48513
46849
405931
48961
46337
403691
48833
46274
411307
49409
46658
398474
48961
46754
401899
49697
46241
389546
47937
47042
403275
48961
48130
397963
46785
47233
412267
47809
46593
411147
47618
47041
422571
50274
48225
325033
49697
47138
394506
47937
47265
402763
48161
46753
401355
48385
46305
403787
48769
46689
399883
48353
47009
405163
49153
47041
404395
48961
47969
401643
50177
45953
381482
48577
47553
399819
49057
48514
394602
48993
46849
399307
48961
46721
404459
49505
46465
409195
49537
46722
394474
48129
46625
408011
49505
46754
396363
49057
46657
400843
48449
47362
396683
49633
47010
393035
48385
47393
393547
48833
46913
402667
47681
47009
405611
48097
47841
402315
47874
46753
406091
49089
46849
404619
49409
47074
396715
48482
47521
408971
47937
46913
397963
48578
46913
410251
48577
46881
394571
49601
47873
402219
49953
46689
332585
48865
46753
395819
47969
47105
407019
47937
46113
399339
49057
47073
405067
48225
47137
393579
47650
46785
410571
47553
46721
389226
48322
47297
405067
47362
46849
363722
48514
47105
407947
49505
46690
394315
50305
45985
329001
49602
47041
404491
48610
45953
415403
48513
47361
402987
48577
46977
400395
48513
47137
399243
49410
47489
403083
48225
46017
394507
48674
45313
403147
46466
47553
406954
48450
46977
405835
47842
46721
403306
48834
47041
393482
49058
47969
412075
48673
47425
338249
48961
46274
388427
47937
46017
394922
48321
46881
410346
49217
46337
404011
50017
45890
392011
49377
46401
338569
48610
47425
399627
48802
47329
408395
48353
46977
388202
48577
46817
410890
48994
46945
401834
48610
47105
411211
48449
47521
394250
48481
48161
412202
48130
46433
398026
48737
47489
408874
48642
47169
392778
48802
47105
403722
48162
46177
369001
49281
47745
334792
48290
47297
394506
48386
48321
402666
49089
47137
391306
48994
46881
396746
49858
46465
403754
48834
47073
396426
48225
46945
410730
49602
47265
389770
47841
46305
412586
48674
47265
399050
48801
46433
409514
49058
46657
388714
48545
46561
401866
49025
46657
399082
48193
47073
403050
48866
46593
406891
49601
47586
384106
49793
47649
324232
48577
47489
408650
48898
46049
403978
47938
46977
399594
48353
46945
403850
47649
47393
405482
48770
47393
398538
48769
47425
405546
47618
46849
408907
49602
46913
390634
48610
47649
401130
48705
48737
403274
47426
46497
396106
48769
47489
406442
48417
47137
380362
49089
47105
408074
48513
47329
397578
48257
47745
407722
47649
46625
403946
48033
46850
412298
47489
47105
405322
48097
48001
401226
48321
46721
412490
48578
46465
394794
47617
47073
409098
48194
46273
398826
48961
47009
409706
48385
47233
400522
47777
47201
415307
48449
46434
411371
48705
46178
414442
49377
46625
326248
48098
46785
389290
48673
47617
399306
48321
47329
397130
48002
47265
389514
48609
46690
415787
48513
47042
371721
48353
46402
408074
49473
46722
371018
48193
47202
408203
48641
47521
408266
48289
46785
406570
47586
46721
399882
48449
47969
390794
48865
47138
407338
47873
47745
402922
48225
47425
405386
48225
47489
399114
48673
47009
411147
48065
47201
401610
49025
46721
400778
48833
46881
399882
49057
47362
404811
48801
46594
407690
49121
47233
399434
48353
46786
404202
48705
47202
407499
49025
46881
421899
50369
47521
315944
47681
47554
398378
48545
47010
396970
49697
47457
417707
50689
47361
324744
49825
46466
326152
48577
46818
401642
48833
47137
400778
48161
46977
413867
49602
47393
331369
48545
48066
405547
48353
46690
401290
49153
46754
404682
47713
47330
409066
49825
46978
323944
49505
47778
401258
49153
46497
396970
49281
48066
404266
49761
46401
394538
49729
46946
405739
49281
46465
395978
49761
47010
406411
49121
46561
392298
48929
46178
411018
49281
47170
322152
49025
46978
394730
47649
45890
399979
48161
46721
409995
49569
47138
395754
48353
47009
406251
48193
47010
401355
49665
46881
415147
48481
47074
395786
47809
46305
411371
48097
47041
405547
49409
46977
402698
50562
47169
384394
50530
47233
332841
48385
46561
404459
48193
47074
401035
47329
46689
413035
48129
47042
396394
48449
46593
405643
49761
46945
403307
48833
47522
401163
48801
47458
399691
48033
46017
409099
49313
46274
397546
49185
46978
404331
49410
47233
329097
48577
46977
405259
48705
46434
398378
48417
47073
414379
47746
47329
330505
48577
46018
398091
49346
47809
369898
48929
47841
382986
47969
46913
410443
49762
46977
335209
49089
46818
396170
48833
47393
388522
48129
46945
412395
48545
48002
403371
50690
47105
332425
49441
48193
396203
47905
47297
400619
48578
47553
401259
48386
46561
418347
73282
50946
247399
49537
46689
392555
48514
45953
410187
47265
46977
404459
48610
46561
414795
48577
46018
392171
49890
46497
404363
47681
46817
399627
47905
47041
398443
49793
47042
389867
48706
46817
405163
49569
47585
407915
50593
46466
388075
49122
47297
405579
48610
46049
404331
48929
47073
407691
48801
46849
394411
48162
45825
410091
48417
46945
397611
48994
47937
406603
48289
47105
397067
48834
47361
406475
48418
46433
409099
47458
45697
417355
48673
46817
397867
48097
46882
390795
48321
46113
393386
48418
46657
412843
49601
46754
385194
48578
47009
409739
47938
47745
401386
49121
46753
388746
48930
46241
405994
48354
46881
399723
48610
46561
419499
49762
46849
327017
48770
47073
401451
49185
48129
394315
49506
46593
407883
48610
48353
401579
49826
47745
399531
49985
47458
387019
48450
47393
407627
48257
46465
390251
50753
47745
388938
49122
47361
396618
50690
46817
404714
48449
46721
391818
48769
46369
413835
50849
47009
325320
50338
46721
386570
49922
46497
400778
48161
48129
417355
48641
45857
398827
49058
47073
405163
47970
46849
399370
48930
47169
406379
48641
46497
395466
48994
46753
402954
48194
46305
407851
48418
46625
400522
50274
46209
401258
49442
46145
395274
49537
46273
408842
49473
47297
386666
49217
48033
403882
49154
46689
404170
48802
46561
402730
49506
47681
394154
49057
48097
408074
48258
47489
396554
49665
48321
402954
48002
47073
395146
48642
47329
398762
48321
46849
407850
48930
47233
394570
49730
47041
393578
49570
47201
393386
48801
46753
408234
49186
47073
396330
49153
46337
406570
49954
47265
397130
48737
46849
408970
50306
46593
385706
49537
46785
402186
48673
46177
399434
48257
46913
397290
47777
46370
417258
48545
46177
407178
47777
46081
405098
48961
46273
401802
48609
46113
410314
49410
46113
400266
49153
45825
408106
48449
46049
404394
48737
46369
406314
47873
45953
408746
49793
46625
401994
49153
46785
403082
49057
45794
408586
49569
48353
389994
48993
46977
403114
47970
46689
395146
48993
46913
397930
49666
48065
387530
48961
47169
404970
49505
46721
398826
49665
46913
404298
47586
47777
396618
48929
47265
403434
48866
45889
394026
49185
47489
407370
49025
47169
401322
49025
47073
397802
48129
46657
401098
48737
46753
405866
48577
46337
393642
49249
47553
400650
49089
46657
383306
48481
46178
409098
49377
46497
393450
48097
46210
405578
50337
46177
394474
48033
46945
405386
48545
47073
393994
47681
46530
412427
48257
47009
399434
48929
46977
390698
48545
46209
402666
49057
46209
400970
48033
47041
398250
48737
46401
405482
48769
46433
400010
47457
46402
412875
49665
46082
333065
48833
47009
397034
48801
46625
395594
49857
46338
406731
48641
46081
397194
49025
47010
402283
49441
46721
392522
48417
47553
420715
49218
45793
392394
49121
47554
409515
48673
46977
394154
48641
47490
406891
48513
46370
405483
49313
46882
414635
48353
46305
393418
48737
46946
406826
48897
46849
397354
49473
47618
409899
48545
46497
398986
47905
46530
404683
48577
47266
398986
50593
46977
395530
48833
47970
400107
48321
46561
412555
49281
46017
395594
49729
47074
414859
48225
46625
391466
49025
46306
405131
47457
46786
399114
49697
47106
403434
48545
46818
401835
48033
47297
411659
48257
46338
404107
48417
47042
408747
48929
46530
402347
48641
47394
400042
48545
46626
404171
48545
46401
405899
49473
47457
401290
50017
46113
390346
48993
47041
404299
49985
47490
390282
48609
46114
397579
50689
47394
391786
48513
46241
412875
48417
46306
403243
48641
46178
397450
49537
45761
402731
48289
46017
419019
49633
45506
401739
49409
47522
393514
47521
46658
402347
49249
46145
391082
49473
46881
407371
48385
47138
398507
50337
46977
399115
47937
46273
412235
48673
47810
398187
48737
46370
391690
48385
47138
398123
50145
46721
384906
50369
47745
378666
48545
47105
410891
49153
46562
398443
48769
46497
403083
48833
47009
393578
49249
47169
401579
47425
47425
409707
48609
47681
403563
48929
46178
401195
49505
47746
398635
48705
45890
393675
48097
46593
407211
48961
46658
396363
48705
47297
421899
53697
47297
284648
48321
48290
393803
48385
47841
403083
49505
47106
383338
48545
46593
407851
49377
47778
394186
48161
46497
404843
48609
47138
390667
49346
47873
411883
49089
46946
400971
49217
46017
398091
48513
47009
406379
47809
46369
397259
48897
46497
403243
51170
45217
420171
47873
46529
389290
48193
46273
397387
48577
45601
407275
48161
47841
404235
49633
48033
393579
51298
46849
410955
48097
46273
397163
49857
47681
409515
49186
46849
372458
48738
46529
413995
51234
46913
407979
47905
46657
396907
49089
46786
391755
48545
47041
402059
50786
46209
419531
48193
46241
406699
48449
46753
390250
47873
45601
408747
51361
47073
396203
47713
46593
411755
50017
46273
400075
48066
46305
411627
48194
45665
417195
51105
46690
384458
48610
46945
405866
49473
46241
398859
49218
46561
406603
51042
47105
415627
50625
45602
407947
50913
46178
392138
50401
47138
388907
48482
47297
411659
48226
47105
409963
49090
46177
412811
50369
46498
393386
49761
46561
401099
48961
46785
402283
51169
46369
382538
49634
46369
404618
48482
47105
416491
51074
46433
396587
51330
46561
404427
48098
46209
410475
47937
46913
402411
48930
46593
401258
51618
46881
411947
51266
46753
404235
51202
46337
402987
48641
46433
402827
48226
46497
398282
49634
46913
411403
50082
47041
412395
48193
46657
403691
48226
47617
399498
48225
48353
414155
47906
47585
405899
51777
47170
385866
48642
46657
395818
49185
46817
414506
48450
47681
395626
48674
47329
409771
48354
47777
403978
47682
47457
396970
48353
46433
413450
47714
47265
399562
48418
46497
412651
50913
47457
396715
50689
46625
396330
47265
47073
402826
50977
46849
407914
51009
46177
411467
48098
46977
413579
52258
46529
397099
49282
46625
385770
49249
47105
407498
49441
46433
408106
48642
46145
407050
49026
47201
402826
49249
47361
389802
49602
46849
403370
49985
46561
412683
50562
47201
395178
47841
45665
414187
51074
45921
391850
51458
46561
396554
48450
46657
406634
52002
46433
394698
51042
46913
404746
48578
46849
402922
49090
48161
394218
48449
46721
408362
48802
46113
408970
48225
47873
391722
51714
46721
401514
47842
47393
394218
49889
46626
415114
50370
48385
398794
48321
47233
400394
50337
47617
411946
49858
47073
396362
48609
46337
414282
50850
45921
401418
51073
46273
400554
47873
46402
412331
48513
46369
401802
48289
46530
418411
49218
46497
392074
51329
47458
414794
49026
47393
391690
48193
45346
407499
48705
45698
409355
49441
45922
409675
48385
46145
406250
48321
46081
407018
48353
47393
401130
48225
46337
405802
50849
46529
407626
48257
47394
381866
47841
47425
404554
50914
46945
387818
47937
46945
399722
47873
47330
413227
47841
46562
402858
51489
45793
414378
51586
46529
396298
48609
47170
400714
49121
47361
417739
49697
47041
394058
51457
46562
372074
47841
46817
403018
50817
46690
407018
51297
47297
403338
48449
46881
402474
47873
46465
407594
46977
46721
407530
48801
46433
405834
51841
45889
397930
51457
46369
406506
48225
47169
394026
49025
47521
422667
50625
47137
401482
50337
46337
402730
50881
46529
373514
48161
47553
414475
47969
46754
399051
49025
47393
404267
48929
47553
407147
48545
46370
411915
50945
46882
407755
48801
46754
397291
49409
47489
409163
49409
46434
414603
49633
47169
398314
48994
45825
378858
49601
46466
403755
48673
46049
404619
51457
48034
409963
50433
46562
406602
48705
46370
411019
47617
46498
406699
47969
46466
404651
48289
46914
395978
48801
47041
404107
48449
46977
408235
48257
45761
411371
47553
46593
409963
48257
46913
411403
50209
47458
396042
48897
47521
400907
48993
47009
408395
49569
47074
404618
50721
45985
403210
47553
46658
404010
49505
46625
409035
50593
47265
402410
48258
47809
390346
48001
47042
402762
48993
46466
409227
48353
46850
394186
48353
46561
408971
50433
46689
414539
49697
46433
402283
51489
47074
405259
48129
46178
395467
49057
46753
411691
50433
46721
409195
50657
46145
408075
48673
46242
411819
48993
47137
396266
49953
46402
400939
48961
45985
407499
51009
47010
398315
49505
46626
405963
48129
46882
405739
48481
47170
400779
47777
46530
401610
48481
48002
395403
48577
46177
409227
48673
46050
401003
47553
46050
403691
48865
46946
401643
50113
45633
399467
47393
46049
406315
48706
47105
406315
48930
47105
415851
50817
47842
399850
50753
46978
402187
47937
45858
396235
47969
47137
413035
48033
47297
406603
47809
46465
410347
50849
46369
411339
48577
46466
399979
51297
46306
401003
48705
46049
395531
48194
46017
414155
48609
46657
403467
51361
46529
388490
50337
47106
397643
49601
46178
399979
49569
46754
395691
51169
47041
401227
48705
46177
407883
47681
46497
407883
47681
46017
410859
50881
46626
396811
48833
46593
410411
50785
46881
405035
47681
46817
397067
48610
45761
419275
50177
46305
407691
51265
46945
400235
48514
46369
416587
48897
46850
394506
48513
47426
389226
48162
46657
398666
48322
45985
408811
48578
46177
413483
49922
45409
407403
48706
46881
398186
48194
46625
485293
52866
47201
242503
49889
47073
365641
51298
47361
415723
51265
46305
397675
48833
46977
398091
53121
47233
327400
48258
46273
408171
52097
47010
392107
47777
46945
394634
48833
46945
413963
50817
46913
387978
47906
47169
411147
49698
47521
401163
50242
46497
405130
48354
47169
403018
49122
46433
398762
48097
46337
421387
49729
46881
379210
51842
47009
397611
48578
47489
404234
50818
46753
404907
49249
47393
376554
50689
47618
388266
48769
46305
367049
50977
47297
410603
51106
46145
402731
52129
46625
384330
51233
47297
393355
49954
46977
400650
48418
47009
395370
49121
46593
411403
53249
47617
323368
48962
46945
391146
48961
47073
415946
48034
46849
404170
48514
47041
404074
50946
46689
401290
48193
47137
414699
48738
46177
395850
48289
46721
417003
51618
46849
401962
48098
45889
395626
48065
47681
411338
48225
46689
411754
50658
47105
404459
48193
47265
392554
50914
47713
399210
48962
47201
406186
51106
46561
395114
48129
47809
404618
48866
47041
399562
49025
46625
407050
49570
47233
409322
51106
46657
399178
48770
47617
400554
50114
46529
398442
47874
47105
395306
49601
46977
401290
47809
46274
422155
51042
47041
393450
49025
47233
396650
48353
46722
416011
49313
47297
412586
48449
47233
384426
47777
47105
396522
48833
46850
412330
47777
46753
407818
50914
46721
399370
48129
46817
407818
48577
47169
398218
48993
47841
413994
48386
46081
388618
51138
46849
387946
48673
46561
400010
47809
47458
410123
50465
46209
409290
51170
46593
391626
51586
46849
401098
50274
91074
342729
47585
47137
398442
47969
46881
406314
49409
46657
404138
49346
47873
392458
48865
46753
403178
47649
46178
415531
48001
47169
399946
49729
47234
402891
50625
46626
408330
48353
47105
395818
51329
48609
401642
47777
47137
401674
47425
47522
411210
48737
46754
407818
49314
46561
384042
47809
45697
413034
51169
47489
313544
52641
46306
379722
48993
56417
302280
48737
47170
401162
49089
46753
394026
48737
46018
397962
48449
46978
402666
48417
47202
404715
48097
47682
405963
47873
46754
411146
48513
47009
386762
48289
46466
415274
51937
47809
327912
51682
47393
392394
51618
48321
391370
49793
46561
394698
48289
47009
398314
49697
45857
395658
48769
45249
399786
49409
46721
356233
48769
47553
394986
49505
47137
348809
48833
47137
361897
49089
46593
393770
49217
46306
405450
48385
46785
397866
47777
46177
411019
48097
46753
398698
48289
46434
405514
49378
46593
383082
49377
47522
410474
48865
46305
386506
49089
46722
401323
50913
46913
416491
49569
46785
350153
46977
46434
401547
48673
46945
413579
49090
45761
386314
48065
47009
390826
48353
46337
403627
48097
45633
404907
47874
46337
418411
47521
46209
415083
48257
46561
389738
48641
46689
409195
49729
46881
393674
48449
46754
404043
48353
47425
404299
48801
46785
410059
49058
46113
376234
48705
46402
397035
47425
46881
419115
47969
45921
413163
50529
47521
351689
48321
45890
405707
49153
46946
370154
48481
47393
348361
49313
47234
385898
49345
46753
401771
49057
47073
410347
48385
46786
390186
48449
47137
408075
48801
46210
407851
50081
47361
349193
48769
47138
401546
48481
46753
393226
49249
47394
406731
50241
46113
358537
49857
46625
388010
49793
46626
359530
48929
46657
401835
48833
47105
406187
48673
47201
405035
48961
47393
398795
49793
46561
406667
48801
47234
358537
48802
47393
360010
48546
46177
401131
51458
48097
401707
49346
47009
412491
53026
46914
326185
52097
46722
388586
48065
46785
411819
48353
46593
410955
52417
46977
340521
51169
45730
401611
51393
46946
403371
49185
46402
355210
47521
46465
402027
46338
46113
416043
46945
46465
411723
49057
46722
404555
49057
46466
346089
49538
47169
399082
49218
45441
415467
48289
46049
400683
48193
47425
408331
52961
46625
347433
49665
46338
351433
49953
46626
389867
50402
47041
409899
51713
46722
355146
48097
47041
402731
49761
46401
356681
51713
46593
343049
49506
46977
358730
47809
47041
408651
49762
46977
368042
48577
46562
383146
48898
46913
410763
48897
47969
396331
48674
47361
404555
50914
46049
318120
51362
47329
396778
48705
47329
407434
49473
47265
389834
48290
45953
403787
49217
47137
391626
49026
47361
397930
48642
46305
410699
49154
47201
402443
49665
46465
391979
50722
47809
405611
49794
47329
396650
48706
46817
414027
48577
46529
402603
47810
46913
401995
48642
46241
402987
49249
47330
383946
47682
47009
398826
47393
46817
421291
48993
46337
393706
49090
46881
406763
48866
45921
397386
48673
48033
388682
52738
46593
391210
49025
47809
406282
48706
46337
401674
49538
46529
407371
48673
46305
393387
48225
46945
392810
48066
46305
404107
53985
47745
317865
51329
47970
382153
52225
46849
327144
49601
47041
372649
48289
46849
409802
49057
46081
364617
49378
46657
388394
48545
46401
405866
47970
46529
398442
48385
46273
412298
49122
46721
399786
51266
47521
394506
48001
47041
405578
48737
45377
390922
49666
46209
381898
48801
47105
398666
48897
47650
409482
48481
47169
397386
49025
46786
401130
49057
48098
415243
49537
47329
397034
48929
46785
401738
48225
46146
403178
47490
46561
385034
47617
47074
407403
48545
46593
400426
48865
47009
398442
48033
47074
396107
49409
45761
416555
48321
46562
407627
49921
47041
386154
49281
46722
398731
48161
47713
406795
49377
46402
398155
50082
46625
328265
52481
47713
343017
47361
46337
404363
52129
46370
357673
49057
46721
393707
49889
47265
405387
48577
45601
398858
48994
47169
413771
48449
46977
398794
49122
46977
407851
49058
47105
397706
49666
45793
407050
50817
46401
410698
49666
46401
407146
49282
47105
406539
49154
45537
400778
48898
47041
405387
47682
47297
407371
52130
46881
404235
48642
46465
407403
50370
47713
357929
48482
46945
397322
49185
47041
403082
48097
47233
403946
48066
46561
393802
49281
46113
403818
48737
45858
415563
49089
45761
400234
48577
47202
405259
49377
46433
392106
48289
46273
411179
48385
47010
420811
49185
46561
321704
49121
47073
397898
51393
47009
398314
51842
47265
386762
47681
46817
401770
52258
47681
381994
48257
46753
411723
50753
46913
397354
48289
47074
410027
51073
46433
393610
48449
46465
400139
48033
46881
414475
50913
46082
403818
50721
47169
387946
48481
46913
408427
47489
45057
416331
50817
45890
405515
51425
46818
393386
48289
46273
407467
51393
47970
395755
51201
46561
398795
48609
46689
403915
48546
46689
404267
50786
46561
403467
48097
46657
399723
51137
47361
398539
48801
46881
402827
50114
46881
412107
51233
46273
375209
49058
45825
406058
48930
47009
403658
47873
46433
423691
49825
47585
319656
49826
47297
396522
49058
47521
402538
49026
47905
413131
48545
46849
375657
47778
46785
401546
47842
47521
395498
49729
46689
403338
51010
46721
397706
51329
47361
407306
50913
46721
389162
52002
47553
393802
51393
46977
399946
51233
47169
401066
51329
48161
400554
51265
46689
402058
51073
47361
393258
50305
46849
397482
51809
46369
396874
50721
46562
406378
51009
46465
407274
50625
46753
398666
51169
46017
400810
52161
46785
401866
50273
46017
401066
51681
47169
401130
50177
46946
400362
50529
47330
398698
51361
46753
400138
51329
47361
394570
51073
47746
394634
50913
47010
410667
52545
47330
314952
48737
47233
404011
49377
47298
393002
50241
46785
401451
50818
47841
405451
51201
47585
402443
50657
46946
398123
50785
46305
411275
51329
47138
393226
51009
47521
404683
51553
47937
389482
52353
47938
395819
51617
47426
396811
51777
48002
391787
51745
47457
392907
51138
47361
403627
52129
48225
393291
52226
46689
397066
50786
47489
401994
50690
46977
398283
51778
47457
393450
48770
47297
404074
51586
47873
390378
50657
46849
404810
51458
46945
398506
48866
47553
401354
50722
47137
401642
50882
46945
399146
65570
47361
319400
50690
46721
394922
50337
46625
399146
50882
47265
404586
49249
47617
329929
52641
46881
326696
49922
46882
346505
52321
46209
349417
51745
46177
399562
49793
46689
397706
48993
47041
396842
49217
46305
395178
51041
46465
399498
49345
46913
400650
48673
46721
397290
50305
46945
395018
48641
46721
396746
49409
45889
397930
48161
46593
381642
49153
47521
397770
48897
46305
401226
49153
46209
386922
49409
46369
400682
49153
46114
396394
48513
46818
400427
49185
47170
398762
48385
47746
395211
49249
47394
401355
48641
46433
387018
48609
46017
402731
49153
46081
402027
48449
46337
407339
48833
46722
385771
47714
46561
411659
49569
47265
393867
49921
46786
400075
50210
46753
326025
48289
46850
392651
51585
46529
405259
51553
46626
395371
48449
45985
397003
49537
46977
403083
50273
47361
338697
48866
46721
400523
48513
47105
392843
49473
46337
327528
51394
46817
397450
48385
46369
409194
48738
46657
395146
49922
46945
400330
49410
46433
400202
49857
47425
409674
51810
47041
395275
49634
46561
393258
48610
46241
400266
48289
46689
408010
49154
47457
389482
48513
46945
406058
51106
46529
394698
51842
46401
351561
51746
47009
340425
49121
46689
405706
52321
46817
324200
51201
47041
401386
48066
46433
389802
51681
47617
401610
47873
47041
394218
51713
46242
413323
49601
46978
323624
51233
47970
408906
51009
47554
369642
47937
46914
408394
50977
46273
395210
50817
47425
391210
51841
47586
397514
51297
47138
413355
51266
47297
377002
52321
47073
351913
51681
46882
404970
52929
46210
367913
51329
46369
383050
49217
46977
398987
48417
46722
391915
48801
46049
410699
50689
46722
397387
49185
45633
399307
48609
46145
405387
51969
46817
401099
49025
47681
400619
48065
46945
397099
48897
47169
402027
51042
47585
402923
51009
47137
397163
50818
47073
401067
50945
46433
394667
51618
47105
402539
51585
46337
332904
49282
46497
397930
48450
46785
402922
48642
47169
410347
51489
47233
321416
50274
46689
395339
51649
46465
371881
50370
46369
405994
51234
46881
395402
51521
47041
417963
52097
46529
336072
51298
46721
400042
51330
46369
407914
51298
46721
391338
51041
46849
398858
51553
45921
396298
49089
47137
399498
51649
47073
397866
51170
47105
390666
49121
46658
405898
50881
47265
396394
50689
47745
404106
50625
46849
398474
50785
47169
418731
51617
47489
355337
48225
47233
417483
52129
46881
360105
50657
47201
408746
51521
45985
362217
51521
46945
391754
51873
47105
389834
52289
46657
397706
48225
46785
402795
48673
46722
396523
51361
47650
398315
51041
48034
406699
50977
48258
322473
48897
47810
396587
50913
47810
392714
50913
46689
407435
48385
46561
411723
49249
48066
390987
48321
46849
404299
51298
46529
399499
48289
46817
397643
48834
47137
408075
50625
46274
390699
51458
46625
402635
50977
46434
392298
50817
47553
397995
48770
46241
404586
51330
46817
400619
51073
46625
404107
50977
46145
383882
52033
47617
340360
47874
47009
412683
50977
46274
386538
51586
47233
390346
47553
46881
411018
51810
47745
394474
50946
46817
395498
48674
46913
399498
49153
48129
397898
49377
47041
403914
51106
47681
394890
51297
46977
396586
49025
47106
409834
47841
46593
574351
59873
50210
133219
52706
47841
307240
49089
47425
399850
48129
47234
407595
49409
47329
403498
49409
47873
404618
48353
47810
403690
48961
46689
405514
51009
47265
327144
50209
47329
406602
50817
47809
394218
49441
46721
414154
51617
47361
324296
48481
47393
409930
51362
46817
337449
49441
47010
417675
50177
46658
410699
50850
46817
344425
49953
46817
408010
50146
47041
339497
49441
46114
407851
49249
46914
395819
50177
46785
356233
49537
46017
421323
51393
46722
335529
50497
45921
383754
50978
48033
341257
51202
47777
326601
48129
46689
422059
50370
47713
336521
48641
46433
411947
49986
46273
342889
49889
46401
413995
49153
45857
409227
49921
46465
408459
49922
46337
420139
51041
47393
401707
48322
46689
416683
50337
47777
370794
47874
46945
420267
49313
46337
401803
49698
47041
411243
51393
47169
329768
47009
46273
430923
49025
46433
408011
50049
47585
403627
50754
47073
413323
51329
47393
334504
47362
46305
416523
48930
46209
412843
50818
48161
405035
50466
46177
403499
49634
46465
411658
49602
46497
405610
50082
45473
398314
49249
46753
414090
50786
46913
404842
50081
45569
416650
49281
46369
415370
51010
47649
403370
51105
47425
334824
49441
47617
406378
48801
47041
407786
50177
47009
342089
48257
46945
409194
50721
46882
341801
49985
47425
404618
50593
47073
412778
49697
46465
406954
50658
46689
348585
49985
46337
392490
47585
46337
426283
50945
46818
359049
49729
46913
357193
50561
46753
390090
48513
46785
361161
49665
47169
412715
50049
46817
392714
49057
47169
413419
49249
46146
414379
47905
47298
411755
50850
47329
330057
48194
46369
419147
49729
46049
414123
49473
47298
399242
48865
46433
415531
49249
46017
414187
48545
45537
412267
51489
46689
342313
49089
47394
390891
49441
47842
356425
51521
46465
332360
47649
47201
422891
50273
47906
397899
48418
45825
415307
50305
46977
390634
48897
46977
363818
51041
47137
338889
50177
46497
344713
50114
46241
411211
50562
47105
390890
47137
47522
425803
50241
46049
399435
49506
46273
415211
50657
46913
336937
49345
46465
399083
50817
47137
337448
48897
46753
400394
49602
47041
356425
50370
47393
395018
50817
45986
342921
50050
47105
401642
50178
46337
397994
49249
46209
416394
50242
46337
401162
50497
48354
341896
50434
46849
395466
50497
46305
404522
50305
47329
408618
50529
47618
361994
49954
46561
355241
50850
46913
384170
50369
46913
399850
50497
47137
369834
49410
47457
349897
50593
46562
397323
49217
47553
359241
51553
46273
386666
48993
46561
406059
48514
45889
429163
50785
48417
358346
49377
46561
418123
51009
47297
394346
50145
47265
386794
48386
46945
423339
50273
46498
390955
48994
47713
419755
50914
47073
337289
49601
47073
405931
50753
46529
350953
50625
47586
383049
47969
46945
431115
50305
47426
398635
49314
46561
405803
50114
46273
396490
49985
47618
357034
49090
46145
399914
49217
46050
355242
50593
47266
394155
50562
45377
402730
50177
46689
348617
51393
47713
609136
38049
36865
182565
37185
34209
807701
40161
38369
156612
39233
37569
523502
40257
37153
712082
36097
35169
207782
35937
34017
550766
36737
33824
549935
36449
34273
548974
36448
33825
548559
36193
34433
520334
37057
34337
583247
39745
33985
454412
35201
33921
556751
33665
32385
587728
34177
31809
572462
32929
30369
594191
31745
30305
601647
30976
30593
618096
31072
29793
618864
35553
30944
499245
34401
29632
573711
32481
30081
590511
30176
29793
619728
50753
47265
381386
46786
46657
419243
51777
46562
393515
50113
46305
399083
49473
46209
408395
49409
46849
394027
47073
47393
433003
52546
47137
321353
52417
46913
401931
47554
45889
424779
52226
47617
326889
51586
45857
405483
51649
46530
387627
49090
46689
407434
51553
47361
411114
47969
47329
416683
49665
46561
394410
47906
47489
409706
47458
46657
407306
49762
48001
376073
50338
47777
404042
48674
45633
416459
47394
47009
403274
48321
46721
412138
52258
46433
405450
48001
46402
419626
50786
47041
399050
48033
47458
417962
49441
47010
377162
48289
46146
417354
50145
46881
329672
47905
46369
407786
46913
46850
420971
49090
47265
392970
47905
47138
418987
49281
46145
403050
48609
46401
400106
52321
46497
401578
47969
46561
418251
48417
46850
400330
48641
46402
414123
47521
46626
409899
51425
47521
397418
47457
45345
427211
48225
46369
408426
48449
46849
390282
48225
48002
415147
52417
46882
326249
48609
47010
403691
51905
46209
405419
48001
47265
417355
51329
46529
403723
48129
47105
423787
49185
46753
391370
47938
47777
421451
48449
47745
405579
51393
46593
401611
47905
46753
411659
50530
45985
413163
47810
46081
416683
51106
46689
409131
48546
46017
416523
51682
48001
371882
48546
47393
408971
47906
47841
409067
49922
47233
411499
47969
46913
404587
48002
46433
416939
50722
46209
403882
48386
46881
412171
51137
46241
369769
48097
46945
418155
49185
47329
392938
48482
46689
425099
52929
46593
324392
47681
46849
419723
49026
47457
396586
48321
47489
408362
51906
46113
403178
48609
46913
422091
48993
47457
391370
48449
46881
414858
49282
46849
391626
49249
47585
416650
52705
47137
325288
47265
46434
428076
50561
46913
327752
48865
47106
420715
49345
47169
323176
48289
47714
417067
49058
46465
391114
48961
46530
422571
53057
47009
313288
48769
46786
422699
52353
46561
325736
49089
46306
417931
49185
46881
392426
47969
47202
408555
48065
46594
405931
49153
46946
409419
48449
46722
398346
48769
46817
417099
52706
47746
323273
47425
47521
419339
50113
46465
409739
49217
48961
386666
50113
47201
410059
51969
47842
403339
49313
47169
407467
51073
47009
405643
46594
46689
425451
50049
47617
409931
50081
46433
392202
48610
46113
419467
48449
46978
397963
48289
47201
406923
51745
47873
380586
47554
47041
413803
50978
46913
409706
48545
46657
426859
49986
47553
321704
47713
46785
418123
48450
47009
397706
47841
46689
425131
48673
46785
388234
49826
46977
408075
50337
46337
330888
47394
47201
413899
49121
47169
395114
47329
46337
415659
49569
46113
337832
49250
45985
407723
50049
47553
323208
49794
47937
411499
52449
47393
322856
49953
46145
413962
49474
46657
394218
47233
46849
431723
50593
47073
316520
48449
47106
416491
48801
47425
400106
48449
46882
414090
49794
47105
392842
48481
46914
409899
51201
46977
399594
48449
46145
412074
49153
46913
387562
47585
47426
414763
51681
47682
326632
48385
46178
408267
50721
46274
406283
48705
46754
414315
48033
46113
395562
48865
45985
413355
48801
46498
404874
50914
47745
327881
48321
46721
415435
48417
47329
411499
48481
47106
398187
48705
46497
421451
49665
46657
386250
48833
47521
420427
48033
46498
398667
49281
46689
417835
49089
47522
392106
49153
46913
415691
49058
48546
318377
49377
47137
406027
49473
47586
391531
46978
47105
421259
48930
47585
410283
52737
47650
393803
48034
46977
404074
50882
46785
412202
49282
47137
414155
51682
46849
405674
48802
47169
410859
51553
46689
372201
47809
47073
408682
48353
46369
411178
50945
45825
414282
48481
46913
418795
49153
46849
394570
47745
46209
420843
49825
47041
325896
48770
46817
409834
50850
47297
402858
49026
46785
414827
50242
46913
390378
49249
47329
406666
49282
46914
371305
48929
47297
400170
48321
46817
420331
48385
46721
396330
48385
47138
409547
51105
47010
413579
48065
46274
413450
48225
46657
403754
46977
46114
417867
48577
47233
404810
46753
46433
420235
48001
46081
412203
50881
45761
409931
47841
46081
416203
50401
47298
404779
46177
46689
421579
48001
46753
414667
47809
45569
414635
47329
46593
415723
48065
46562
398347
47457
46497
411051
48545
45889
407979
47489
46977
420747
49634
47425
322089
48545
46881
410283
52130
47521
326409
47745
46945
412459
51650
48353
408843
47458
45857
417995
49313
46529
416171
48769
47137
397579
47682
47297
410667
51074
46433
405867
48386
46625
417931
49633
45857
369258
48514
46657
407083
48418
46113
410923
48642
46593
403018
48194
47521
416011
50817
46817
332008
47970
46369
410090
50209
46913
412746
48002
45825
408682
47457
47169
427211
50529
47425
322344
48257
47137
410922
50498
46145
404042
51297
45889
410154
47777
47425
411914
51393
45217
415338
48481
46465
412106
51873
47649
402986
48865
46689
421291
51969
47393
323176
47265
47074
455403
58209
50625
517325
56865
49378
50561
47137
440299
52353
47649
334920
49986
47073
390250
50850
46625
342825
49249
47010
414571
49121
47425
337033
49217
46914
402410
50306
47041
342409
49057
47650
406795
49986
46881
351753
49345
47394
408587
48705
47810
408587
48577
47202
403563
50305
47393
357897
50753
47042
331625
49890
47329
338025
50241
47810
397579
48705
46753
417547
50305
47233
340137
51105
46433
347369
50337
48961
337737
48866
47105
422763
50978
47553
330537
49697
46849
404235
49953
46881
408043
50305
46689
342025
49185
47362
408523
51138
48353
331721
49793
47521
342889
50401
48161
340489
49281
47105
409835
50401
47233
332745
50721
48129
342921
49441
47681
390890
49410
46817
408363
49410
48289
408459
49473
46081
350345
50817
47553
337672
47426
46657
418795
50593
47393
330920
49857
47202
350569
48994
47009
402090
48545
45633
360618
51105
47169
327944
50145
47394
340136
49122
46881
397962
47585
47681
403978
49633
46433
409706
50113
47490
339176
50017
47681
333864
49409
47137
402026
48577
46497
416842
50497
47297
331848
51201
46274
333769
49793
46529
407562
49666
47265
341929
48993
46785
427467
50113
47073
337256
51521
47841
324712
49602
45889
346793
50497
47906
326344
48641
47362
425451
50433
46914
334024
51202
47298
331913
48833
47586
413866
51393
46498
331465
51138
47681
335881
50594
47137
336841
50306
46753
346857
50722
48705
330889
49985
47362
396971
47745
46785
409387
48641
46241
423499
51394
46657
329385
49154
48161
424107
51426
47233
328393
49505
45922
399051
50017
46145
337833
50114
46721
402347
51073
47265
340489
51234
46945
331817
52353
46721
334313
50433
46945
406123
49441
46785
397419
50689
47042
352809
49409
47233
397867
50113
46753
344841
50529
46657
342441
49058
46753
400266
49570
46945
407083
50689
47201
338472
49346
47041
424843
53953
47553
288264
49377
46913
412651
53793
47777
285736
50881
47329
333320
49313
46337
417803
51425
48225
322408
50657
47681
339016
50625
48161
337705
50817
48001
336681
50785
46785
342441
51713
46241
342281
51265
46881
344425
51489
47137
340585
51105
46401
318856
49281
47490
419050
51521
46497
338152
50849
47233
322920
51170
46977
350281
49633
46977
412042
50625
46274
337385
49762
47745
346025
50433
47073
347561
50017
47202
339593
50145
46434
341033
50498
46913
356713
51681
46721
334280
52129
47458
337865
51713
47106
339657
51393
46626
343081
51617
47361
329512
50914
47361
337321
50625
47873
345833
51714
47617
349513
51745
47266
326249
51169
46593
342825
50785
46817
423755
51522
47201
334505
49985
46209
345161
52226
47457
330473
50977
46785
343209
49345
45601
402763
49474
46177
414475
50241
46529
340521
49217
46721
410859
48610
46337
427339
51682
47201
328777
50401
47041
342697
50017
46881
337001
49954
46177
420555
50306
46689
328905
49441
46946
349577
49921
46497
347465
51265
47297
327593
49281
47393
343881
50497
47649
328296
50049
45953
407210
