123619
35233
30400
29088
28225
25921
27105
26528
25601
24800
99170
26272
23649
664943
25984
24097
667567
25536
24064
744561
25472
23872
604046
25505
24513
668432
25665
24321
674320
25537
24225
669968
25633
24289
674640
25569
24032
674576
25952
23936
668623
26816
23968
672495
25248
23648
681583
25120
24033
675631
25056
23809
680240
27425
24705
660880
26433
24321
673136
26337
24032
662255
24929
23457
678640
25601
23776
680016
26272
24000
664975
26272
24192
676815
25312
24608
678447
26529
25441
657008
27137
25504
654127
26945
25120
656111
26849
25856
667439
27296
24800
652623
27360
24993
652751
28224
27073
642927
28545
26593
637422
28801
26560
603502
29825
28416
635535
29825
28065
623023
30816
28545
614926
30785
27744
618446
30113
29504
612270
30305
28320
614062
30177
28321
610574
31137
28641
613518
29249
28545
626319
32608
30240
589486
32800
30816
593102
31713
30497
589262
30913
30848
601230
32161
30433
595054
32097
30529
589901
31201
29633
615119
34241
32097
559212
33856
32672
578798
33952
32321
573582
33729
32385
573165
33889
32161
570989
34209
32033
572429
34721
31744
557709
34625
31936
572685
35616
33313
561293
35681
33793
547117
36033
33729
557485
34657
33729
549357
35585
33729
557645
37953
34177
534700
35329
34016
549293
37537
34017
540556
35585
33313
549260
36609
33729
543276
35968
33281
553260
37121
36801
521612
38017
36449
513932
38433
36673
527948
37345
36385
567149
41121
35104
383401
35297
33345
550221
36385
35489
456010
34849
32768
568525
34561
33344
569965
34241
31648
575021
35104
32097
570414
34401
32513
586958
37665
35168
587438
37504
35265
486347
35713
34176
499275
37185
33888
512588
36801
34753
539148
36065
33921
543212
38849
34273
494764
37089
34977
546381
36161
33921
548205
35681
34273
573069
38017
35457
495723
37793
34113
538732
37249
33921
569806
40769
36417
453962
39041
37728
474955
40289
36577
516236
39521
36289
509836
39265
37089
511948
39745
36897
510444
39841
37217
526284
39137
36448
516812
39457
36096
466475
39457
36449
531212
41025
36417
510603
38721
36097
517068
41728
39681
472683
42593
38785
424458
41985
39425
495308
42369
40769
484395
42241
39425
485867
42017
38593
470635
42785
39425
496043
41697
39201
485804
41313
40129
494124
43169
39905
425194
41665
39937
492075
42369
39297
478507
40801
39489
476843
41377
39169
483211
42209
39041
497131
43649
39201
434859
42593
39905
427817
42177
38977
484491
41793
39105
501580
45889
44257
442826
45537
42913
401161
45537
43105
448714
41889
39297
468491
41505
38689
500907
45410
43009
425929
45889
42177
385768
45633
42177
462795
45985
41760
399753
45537
42721
434506
45057
42753
435242
45729
43425
434122
45697
42977
440010
44897
43201
462666
46146
43361
434154
45601
42945
459435
45857
42433
450379
45569
42785
445834
45505
42785
433834
45633
43169
436490
46145
43041
439146
46241
43073
417225
45473
43873
395113
45857
42849
434378
46145
43393
437866
46625
43041
433034
45089
42401
446699
45633
42625
442154
45921
43041
427690
46273
42785
448426
45889
42561
715024
57121
49697
51553
49281
493612
51457
47393
311912
50625
47073
395561
48641
46049
404394
50369
47649
395817
49185
46945
391849
49057
46017
393993
51361
47585
325063
47489
47297
421033
49345
46369
400041
49793
46881
394537
50593
46049
393482
50529
46881
409642
50465
46625
381513
51937
47649
335496
49698
46402
339944
50561
46465
392361
49857
48161
334664
47937
48577
400329
50529
47873
393289
48033
47458
410922
48609
47201
413066
49633
47681
335816
49441
47489
392649
47617
48225
412938
50017
47425
411849
49665
47777
323175
49569
46529
402633
50369
46881
342408
48897
47425
386472
49793
47521
383689
49921
45889
394825
48929
46081
407722
49505
47201
394345
49601
46209
396105
48930
46753
395465
49377
45601
399113
50561
47457
329383
50497
46401
393705
48033
46049
405738
48609
47073
408330
47425
49953
403882
49377
46817
403209
50466
46913
344008
47393
46689
408873
50849
46529
383145
48001
47233
400009
48610
47201
423594
50305
47553
383753
49121
46785
409930
48833
47617
389833
50626
46753
338504
49025
46817
413289
50401
47041
332776
51234
47490
391625
51393
46369
337256
49825
46945
343752
48577
47233
404393
48257
46113
401258
50177
46817
396361
48321
46881
400394
51553
46465
341288
48865
46337
397609
48802
46817
403305
49601
46625
383081
48513
46689
394570
48129
46369
334312
49473
46241
404714
48705
46305
397258
49985
46593
395594
47201
46337
377449
49057
47073
398057
48513
45889
416265
51457
46337
322183
49313
46818
403721
48897
47010
404489
50945
47617
347336
47393
47393
409162
49505
46689
388233
49282
45089
394057
47297
46625
422410
49697
47521
330024
46785
46785
423817
50177
45985
325799
48674
48577
411113
50017
45921
344200
49121
46849
398058
49985
46945
391945
48449
47553
407466
47937
46497
410825
51009
46849
332968
48289
47233
413321
50209
46689
395721
49857
46433
335911
47681
47105
407849
50273
46625
397290
48673
46081
348008
48769
46465
408810
48609
46465
406121
48354
47105
397001
50753
46273
379529
48705
47585
406185
48449
46978
397289
49345
46753
404233
49729
47361
390313
48929
47905
390057
50145
47873
395369
49249
47073
392713
51073
46433
398249
49762
46593
381513
48258
46113
401065
48225
47777
404393
48385
45793
400201
48417
47489
410538
50081
46753
342664
49409
46241
333672
46849
46209
407978
49857
47489
398569
48385
47329
402153
50369
47745
339048
49218
47937
402633
49761
47393
392905
49249
45729
404521
49025
46369
393545
47905
46434
424010
51362
46849
320456
49153
45569
409578
50882
47618
335784
49857
47553
400937
49953
46849
406602
50337
47969
378088
50977
48033
339080
49121
47489
388809
49441
46113
373257
49505
46465
408202
48609
47201
368553
49793
48129
376329
48161
48385
403817
49249
45729
409129
48801
46753
393417
49761
47169
331527
48641
46977
410857
47713
46881
399242
49505
47073
401482
49313
47553
391049
49441
46753
399945
48737
46849
412105
49793
46817
323079
49089
47137
412329
47521
47234
401257
49281
47297
402729
49825
46721
388425
51042
46978
328136
50882
46690
331016
49794
46785
347464
50177
46881
344776
48322
45633
399721
48289
47009
411465
48482
46721
409769
50369
46977
347080
48193
46337
412329
50241
46497
340968
49313
46337
404522
50754
46625
351624
49346
47201
381257
48226
45953
406409
50049
46849
325543
48514
46081
405289
48289
46401
409289
48545
46145
423978
50082
47137
328744
49729
47137
410826
50306
46274
329512
49665
45441
411849
48897
47041
332232
48930
47297
405641
49921
46849
332776
48449
47489
374280
49058
46177
410089
50529
46497
385833
48929
46145
409226
50306
47457
329352
48993
46657
395945
48769
46049
407305
49441
47041
382824
49345
45857
378665
50753
47361
345160
48673
47937
402153
47329
46977
421002
49857
45697
338344
48961
46401
398089
50081
48130
332104
48289
47425
426730
49409
47361
327079
49026
47457
397929
50369
46721
377161
49953
46977
349832
49601
48033
387561
49409
46850
400297
48737
46689
416202
49505
46145
429226
58017
50177
233765
52033
47937
361704
52449
47041
365928
50273
47521
385129
49025
47073
394825
48641
46849
397385
48513
48161
406538
50145
47489
397801
50017
47233
374665
51266
47745
371657
50498
47682
379689
49474
47585
383273
48225
47137
399113
48258
45633
409033
50337
46721
388265
49473
47041
393737
50305
46113
338216
49601
45953
394314
50945
47425
374601
59010
46305
367465
49922
46785
371241
47969
46497
409129
49697
47170
390985
49473
46850
399145
50081
45761
376872
48865
46177
403754
49185
46593
385577
48193
47297
398793
49473
47777
396361
48258
46529
386601
49953
47873
343528
47809
46625
397033
48289
47105
386441
49633
46369
399497
50337
47265
389129
49089
47233
397450
49889
47137
381929
49409
48289
389321
49762
47393
380105
49698
46433
384105
49569
48257
371144
48257
48353
393769
49889
46817
391913
47841
46881
397066
49185
46785
383208
48673
46881
404202
48065
47297
404234
51074
46850
337416
49602
46721
391305
49377
47297
401353
50657
47617
387785
49697
48033
369896
54881
45857
370664
49249
46977
403466
49089
47425
386441
48065
46785
395401
49089
46497
395881
50818
52514
371049
50657
47265
372265
49729
46625
376713
48865
46529
398569
49217
47105
396105
47809
47073
399594
48865
45985
408618
48929
47329
386185
48641
47457
389929
49569
45921
399753
49058
45825
400521
50081
46849
376553
48801
46434
389705
50625
47969
383369
51681
47809
380008
51681
48353
340776
49729
47233
391818
51457
46657
382537
48513
47169
393609
48962
46498
385577
49090
46945
395337
48801
46593
398505
49985
47009
407113
50689
47009
372200
50785
47905
379496
49953
45889
379977
49281
46497
407306
47745
46305
386537
49122
46913
390921
48865
47297
387593
49537
46274
391657
49473
46561
383561
49889
47169
392329
50017
47297
377480
50337
47041
631278
56705
50210
123907
52001
48001
276902
50433
48129
323080
49090
46273
395753
48546
45729
402377
49089
46497
385161
48130
45953
406473
48289
46017
406697
48929
46785
398473
49441
47681
393994
47905
47137
407402
48961
46177
404553
48033
46177
412842
49281
46273
385545
49505
47809
386121
50721
47969
388425
50369
46337
381064
49729
46977
401705
49377
46049
409226
49761
47201
388105
46017
45729
415978
47201
46849
401001
46305
45633
408585
47969
46433
406921
49154
46209
409961
47841
46497
407657
48033
47073
404393
49889
46178
415594
50050
46242
321480
48033
47585
411786
47809
46817
417738
49153
47457
390793
47809
47329
411145
50209
47201
397865
46786
46337
416649
50113
46625
395849
48993
46241
402794
49025
46721
388297
51361
48161
392009
48705
48993
389609
49601
47457
401417
48385
47073
392809
47105
46657
418538
49378
46913
401609
47906
45729
408841
49089
47265
379240
47841
46722
414282
48673
46881
407658
49505
47521
395305
48737
46657
393481
50370
47393
395273
49377
47137
389609
49441
47169
397897
49377
46625
398953
49249
46593
389289
49665
45889
402474
48449
46689
397161
50306
46721
380457
48737
45505
400009
50434
46945
392233
48833
46434
389609
47457
47425
406281
48417
46882
397705
47425
46849
411753
49249
47393
383208
49825
46209
387017
49313
46593
397546
49729
47425
384457
47521
47137
406345
49858
47201
393801
49121
46689
386281
49921
45761
395721
48833
45889
404265
48545
46753
410570
48481
47233
332680
49505
46849
397737
47809
46753
407978
48993
48161
394505
49345
47425
396137
49473
46785
387849
49633
46785
384361
47170
47297
412457
49249
47873
384649
49089
45889
394954
47105
46209
398442
49377
46881
401546
47425
46017
411082
50305
47457
392585
48066
47009
395273
49025
47906
387977
48449
45249
387689
49217
45409
414602
49633
47297
380841
48737
46913
419402
50081
47073
396041
49697
46657
401545
47905
47393
393833
49057
47329
400681
48098
46753
397065
48833
46977
390665
50977
48577
386889
49473
47649
391497
49345
47585
390921
47041
46337
407562
48897
46433
396041
46977
45985
418954
49538
47489
390281
48545
46337
388937
49601
45569
387561
48705
47649
393257
49505
46945
380744
49889
47809
401578
50497
46753
378441
49089
46881
390953
49825
46465
408330
47585
46849
395337
49185
46785
403721
47297
47297
406889
47425
46081
395433
49953
46721
393897
48065
46722
406570
48545
53601
395946
47937
45441
411370
49346
46657
335816
49633
47777
394313
49698
47041
397545
48097
47137
404201
50081
46914
403657
50529
48257
379112
49665
46113
381160
47585
46753
418250
48257
48097
399338
48353
47297
402090
48289
48353
389481
47521
47169
408617
47713
46753
408201
49761
47393
393449
47937
46209
402729
48801
46338
399529
47297
46625
412201
47745
47841
403978
50369
46721
393161
47649
47905
402921
49185
45985
405097
48961
45505
333384
47521
46593
397481
49282
46209
409865
48929
46177
394441
47009
46306
405993
48385
47137
393226
48769
48225
386281
47041
47521
415914
48737
47361
397481
49313
47009
408105
48161
45825
404937
47809
46817
419433
50465
46401
394633
47905
46530
408201
48353
46434
406954
47841
46273
417994
48001
46337
417642
49858
46977
387113
47713
45729
403401
48897
46401
393673
49185
46721
378024
49185
46722
400297
48449
46562
404425
49345
45922
412074
48449
46785
400106
46753
46337
414250
48001
46081
410954
49153
47137
418090
48930
46785
398633
47681
46689
412489
48801
46497
401833
47617
47169
405801
48513
46433
404393
48225
46081
405162
46977
46274
420074
48833
46145
413034
47233
46369
406665
48865
45985
403945
48897
46401
410121
48610
45185
399241
49313
46050
401065
47969
46945
401385
47457
45793
411242
47873
46338
412714
48961
46977
397290
48289
47105
391081
48865
46241
398441
47169
46913
417418
47425
47425
397065
48674
46497
407465
49857
45730
400745
48641
46210
402633
48833
46625
407754
48353
46593
414570
48897
46081
401097
48225
46721
410602
48129
46209
409737
48897
46209
398153
49250
46657
403689
49121
45889
401097
49697
46337
398665
48993
46881
408266
48001
46785
407210
49313
47201
407146
47265
46305
402025
47489
46497
415786
48385
46273
419018
50018
45825
396297
47970
45697
409257
48929
45825
402089
49633
47393
394057
47425
47521
399561
48897
46657
391785
49217
47265
397513
47617
46657
410186
49505
46849
400233
48066
45281
400745
49473
47105
385545
47266
46721
409033
49121
47137
395465
50273
46177
393609
48577
45953
417066
49793
45857
401322
48193
47201
414570
47521
46113
406186
47841
46689
413258
48609
46881
404617
48578
46497
406633
49378
46785
401865
48545
47810
398825
49089
47073
407466
47873
46753
410986
47681
47009
403882
48097
46401
403337
49057
46657
405641
49825
47777
403945
48641
46914
391209
48129
46914
402665
50017
47426
402345
48321
48226
406282
48961
46273
397450
47745
46401
539437
55137
49441
116963
50466
48033
384809
51233
48193
350696
51425
46241
333768
49505
47105
379305
51041
46721
380264
48833
46753
385929
48513
46849
388713
49793
47105
382729
49825
47681
380649
49441
47297
384041
48961
46913
386697
49313
46465
388201
49601
47745
396105
51329
47617
379369
50273
47297
390441
48737
46337
398697
50785
46081
402794
49377
46689
377769
50177
47137
375785
54818
46114
402281
53569
48289
273350
51937
47745
364328
51969
46561
384969
49249
48193
386185
48609
46753
394185
50817
47681
324455
49889
46433
380329
50466
47842
363305
50657
46337
386793
50754
46497
383529
50082
47234
385897
48034
45729
392745
49185
47201
378825
49697
47233
372457
50369
47809
373704
51681
47713
373448
50817
47265
375784
48929
47361
393417
51393
47105
391145
49218
46945
381961
50754
46209
392329
49473
45697
391945
50145
47553
337096
49953
46401
395529
49889
46113
388424
49473
46241
385096
49377
46209
395274
49665
46881
393961
50017
46753
387081
50402
47713
377129
50977
46817
373769
50689
46465
371529
49153
46369
388297
51905
47041
373992
51553
48289
367432
50881
46529
375048
48897
46529
392265
49761
47169
389257
51169
47073
383785
49378
47841
382409
50242
46945
379817
49441
46913
385993
49602
46881
404169
50593
47905
374312
50977
46849
422345
55361
48385
248550
49922
47041
379305
50337
47329
385769
50530
46753
390025
50433
46753
385289
49953
47489
381481
49025
46401
391465
49537
47137
386024
49793
46881
380712
50081
46689
395401
50561
46753
386377
47745
47041
393353
47425
46433
406762
50081
46945
331656
49569
46401
395049
48577
47650
397321
49569
45985
385289
48609
47713
387369
49185
46529
393993
52385
47233
390186
50241
47329
389673
48737
45633
405065
47233
46241
403305
49825
46498
386793
48641
46209
400073
51073
45121
381641
49153
47137
401865
50561
46017
385800
48065
46689
403786
50017
47073
344648
49921
47265
379881
48993
47297
407113
47425
47137
402537
47905
46273
399689
47969
46849
409993
48737
46209
395945
49089
45953
405833
48353
46657
400649
48353
46721
400458
49153
47329
421482
55425
48481
225061
50529
48321
362313
49346
47873
374953
50689
46561
369897
48993
47713
327527
51297
47649
363752
49921
47425
383753
50209
47073
374280
50945
46049
379977
51169
46337
373385
51586
47746
370761
51074
46466
386153
49537
47393
376777
49154
46977
402985
48737
46657
386985
47649
47489
411978
50209
47841
352776
49473
47553
383625
49665
48641
391849
50017
47201
384073
50370
47745
325544
49505
47041
394761
48834
47169
395465
50306
47553
396105
49825
46913
377833
50241
46497
382409
49377
46945
383945
48609
46753
399465
52450
47745
313896
51617
47585
386377
51329
46529
368937
49441
46369
380777
48321
46722
391337
49665
47073
390121
48513
47809
392585
48833
47201
367368
49729
47297
378920
49281
46849
393033
50113
47905
376681
49634
47233
376777
49026
47041
379113
49985
47361
377865
49378
47458
382857
49089
46881
388105
50625
47521
375304
51073
48673
369736
51489
47265
370120
49313
46945
404170
48833
46657
367049
48257
46753
405482
49377
47233
388937
49409
47106
389705
50113
46561
380009
49921
47489
331623
48929
47041
386888
47233
47393
395241
49505
46433
386601
48001
47041
394281
50306
46978
378761
51586
47138
373609
49474
47233
379273
49602
47105
393481
49826
46562
387977
50369
47393
633327
57409
48929
127907
52513
47137
264422
50497
47265
389001
48513
47201
408553
50177
46881
317480
47713
47809
404649
48609
45601
400489
46657
46433
414665
48033
45474
398473
48610
46241
411977
49665
47393
408201
47713
46657
414026
48513
47361
409354
47809
46625
413226
47489
46561
424138
47745
46049
409257
46689
46785
413993
47553
47105
408969
47681
46241
424201
46754
45537
421225
47041
46369
412746
49953
46881
406666
48385
46305
407562
48545
46881
402153
49441
46113
400873
46945
46785
410442
47809
46817
412553
47329
46465
407817
48738
47137
409833
48193
46914
402793
47009
47713
403562
48001
46273
409290
48897
46689
399017
47777
46209
413130
48513
47265
409417
48289
46657
406697
49153
47137
400841
47490
46561
413193
47842
47009
414313
47937
46433
411274
46753
46466
413098
49121
47201
407050
49249
46433
400778
48481
46593
407914
49729
46337
363240
48514
47841
392681
48929
47073
410409
50113
47682
397769
47681
45378
402377
49601
45986
409482
47841
46465
417226
47841
47169
417034
49217
45665
402377
46977
47937
417354
47361
46689
420746
49954
46337
402025
49442
47105
410665
48353
45825
403657
49121
47137
404137
50017
46529
411370
49057
45697
395241
48673
45697
413258
49569
47137
401801
49889
46529
402569
49409
45409
400361
49313
46817
406857
48705
46785
411145
49985
47233
407593
49313
46049
398282
47265
47394
409386
47617
46017
414762
47873
46753
414378
48161
47489
408233
49057
45857
399465
49986
46433
398473
48834
45985
405993
48033
48033
406953
48673
47553
400425
48897
47937
399433
47713
46017
411082
49313
46273
406346
48513
45953
408522
48417
46209
410090
47009
46369
410057
48545
47425
393481
38721
36129
525324
37985
36321
542508
49250
46785
411625
49761
46145
399178
48385
45793
403402
48449
47201
406282
48481
46977
404393
48481
46401
405513
47553
46305
414698
48962
46081
405929
47682
47105
413257
48929
47874
405321
48001
47233
411913
47553
46722
409578
48865
46913
414282
47777
45473
407530
48417
46433
408394
47521
46401
415402
47777
48321
406665
50913
48449
385257
48961
46530
402249
47265
46049
408937
48161
46978
413706
48225
46561
408906
47265
47073
412298
48161
46209
408298
46977
47521
416170
57058
46529
388489
48290
47105
404009
48258
46881
410441
47521
46241
405385
48545
46657
403753
47617
46241
416073
47073
46369
404618
47905
46881
412138
49217
47233
402794
48737
47425
411818
47457
45953
409385
47362
46305
405801
47938
46593
414153
47617
45697
415913
47489
46049
409930
47905
45985
400137
49185
46593
398377
50817
47809
400713
48961
46913
402377
48385
46241
402153
49410
47297
400425
47106
46337
406665
48001
46305
413097
48577
45441
413033
48961
47266
411050
49345
46433
400938
48609
47777
407882
49313
46977
412522
49186
45569
391145
48801
46913
404521
49026
46721
402345
48834
47361
405129
50369
46657
388744
49569
47105
404106
48737
47201
404554
48673
46753
407018
48481
47233
408554
48097
47137
407914
47937
45729
404777
48513
45857
414793
48866
47105
401321
47713
46273
412073
48929
46593
411465
50305
47042
411210
49569
46593
403370
49857
47521
402410
48321
47137
418666
48161
46945
403721
51041
47170
387817
51841
46657
381673
47937
47969
415689
48673
46817
409673
48897
46753
395978
48257
47137
406666
49825
46689
405770
47841
46529
404937
48929
47233
410954
47841
46945
398729
48641
46945
405353
49474
46241
406057
47681
46273
402921
49313
47361
406025
48097
45986
409993
49057
46753
405834
47393
47617
405226
48097
47617
405930
47649
47201
419306
48865
46753
415690
49058
46177
402889
49346
47969
407465
48865
46465
409961
48257
47521
412041
49217
47170
411882
48321
47073
408298
47681
47873
414154
48385
46945
404778
48321
47329
417162
51201
46401
406697
51905
46305
409161
48001
46721
414441
48194
47041
404041
47809
46241
414825
47297
45634
410922
49185
45793
408554
48449
46625
405546
47137
45601
415594
47489
46945
409321
49025
47265
403017
48769
47841
402249
49090
46241
415177
47969
45793
415625
48385
46370
411434
49153
46689
400842
48737
46401
400234
47617
46305
418762
49153
47233
406346
47521
47105
412778
49793
47841
404297
47489
46465
407209
49153
46433
411145
48129
48193
401353
48577
46529
397098
47873
47841
379721
48321
46145
409834
45953
46913
414154
52065
46209
396713
48706
45985
398633
48130
46049
401705
47905
47074
401833
47330
47745
415721
48481
47330
403785
48193
48865
397450
49665
47329
387913
48193
47169
413738
48609
45441
404169
47873
46369
417450
49730
47105
400873
49538
47169
401449
50209
47585
402825
49345
46689
409674
48897
45249
408426
51297
46017
402890
47873
46561
405770
48225
46113
401737
48961
47137
404745
48321
47425
407337
49410
47297
399721
47649
47233
402697
50337
46497
396777
48641
46561
402153
47585
46882
407561
50337
46625
404202
47489
46561
412074
48065
46977
408906
47521
47265
418634
48961
46689
407049
49025
46977
407337
51777
47297
394825
49345
46625
398441
49377
46210
413066
48481
47137
411082
51617
45921
407946
47841
45953
411370
48321
46817
416330
47745
47233
412617
48290
46689
401033
47969
46433
402249
48481
46497
405225
48353
46466
406953
48257
47393
400265
48385
45569
408650
46401
47170
416938
47841
46081
418250
48801
48161
412522
48929
47873
407241
49154
46465
403145
48961
46177
408745
48289
47009
404713
48001
47041
413065
48513
48097
410250
48097
46785
407050
48929
46561
401257
47873
46273
413130
47713
46561
416714
49729
47841
404617
48801
47073
403241
50050
47361
400809
47681
46593
410921
49217
46561
405738
50721
46945
397642
48129
46753
408522
48129
47841
407914
47809
46369
414602
48545
45761
402857
48577
47169
411113
48098
46497
410697
48353
46561
410921
47009
47138
409673
46753
46337
425802
49313
46081
416458
47873
47297
401418
47457
47233
412490
48481
46465
405769
47105
45985
411401
49346
46657
397257
48514
46465
408905
48417
46529
410281
50433
46881
396297
48961
45857
414922
48769
46337
402858
48385
46465
413130
47777
46433
414506
49633
46049
397289
47233
46305
417481
48769
47393
400105
48705
46561
410473
49569
46369
398729
48065
46721
408490
48033
46497
412362
49281
47233
408554
50657
47425
399177
48609
46817
399209
48161
47041
402569
47329
46529
414249
48769
46626
395337
47585
46785
403657
48417
46849
407305
49249
46913
403402
48737
46113
403722
47521
47137
406218
48065
46273
404617
48961
47201
404969
47553
47425
421194
49218
46497
407113
49026
46561
410153
48801
46081
403529
47841
47393
404714
47393
47041
411530
48673
47713
404106
48193
46369
415498
48033
45185
397705
47489
46465
413802
47297
46849
408425
48929
46625
406505
49570
47713
405865
48257
45953
412201
48673
45858
416778
49281
46849
400714
47169
46113
408042
50849
47105
416586
47713
46689
415146
49281
46913
394473
48802
46273
399241
48194
46849
402921
47393
47073
411017
48609
46177
416202
48609
46561
408682
48289
47425
404330
48449
46913
409066
48897
47137
410538
48225
45889
408714
49185
46977
410345
48226
47681
405321
48482
46241
414345
49281
47266
405129
48737
45857
407978
47745
46465
420554
49345
46721
406730
49281
47361
403369
48289
45985
407050
48481
46497
406537
48770
47041
408393
49697
47041
401321
49057
47330
403049
47937
47906
402153
48865
47265
409194
49345
46753
398890
48705
45857
406954
48705
46465
408234
48033
46497
413770
48417
47745
409769
48161
47361
410025
49634
47906
400073
47425
45985
414665
47233
46241
417898
49185
46369
397898
48225
47265
403914
48289
46497
413066
48289
46113
395337
49505
45409
408073
48001
45825
411145
48482
45569
409961
47202
46465
409321
48001
46689
382441
49761
51905
389097
48961
47041
395529
50689
47873
371881
48289
46401
407370
47009
46273
407754
47233
45761
415114
49538
46113
404105
48642
46881
404713
48417
47361
400265
50913
46561
400842
47233
47490
410442
47553
46497
409002
48993
46113
407754
47841
46689
417162
49665
46881
362824
48001
46433
402825
50433
47617
387145
48418
47201
408393
47010
45921
418505
48769
46081
402281
48641
47106
409642
50945
45985
407242
49825
47233
389577
49409
46337
404617
47777
46209
410217
47970
46145
402505
48546
45921
405577
47586
45729
410633
47649
47105
410954
48833
46593
405610
47809
46433
420746
49089
46337
405002
46753
45729
409354
49313
45217
412457
47777
46561
414409
48513
46465
405609
46913
47105
412489
48066
46465
412265
47425
47713
409865
46625
46593
413130
47841
47105
405578
47169
46274
418986
47617
45985
416234
48353
46721
408681
48705
46945
399593
49409
47105
406729
47010
46817
416169
50081
46081
395497
49377
46913
403082
47969
45954
414538
49377
47137
397289
48321
46913
407978
48449
46689
406954
49441
47105
398857
46913
46465
407209
46305
47425
406153
49473
46785
400553
47490
46881
413417
47105
46177
419594
47841
47265
407114
47457
46369
422026
51169
47489
333992
48449
46465
401993
47457
46689
414250
48322
46049
406601
48130
46913
412169
49121
46209
397129
48225
48193
399817
48833
47809
409418
49825
47137
392809
49569
47521
402473
50241
46561
394953
49217
46817
408457
49249
47073
395081
47522
46561
404201
49346
45857
405161
49441
47425
394409
49217
45281
402250
49025
46625
399338
48129
46177
407306
48385
47169
397161
47073
47329
416874
50017
47138
388713
49474
47585
400169
47137
46497
416777
50305
47713
399209
50305
48065
376201
49793
47041
394698
48289
46849
401610
49633
47009
399497
49665
46945
384585
48865
47873
395369
46945
46305
416490
48129
46561
413609
48545
47585
411401
48417
45825
408969
48001
46401
413929
49537
46849
408010
49345
46529
394697
48993
46337
401162
49345
47425
395561
49569
46753
407753
48706
46465
400233
48610
46977
400521
47585
47202
402569
49377
47106
401929
47905
47202
408586
49441
46977
402442
47745
47233
403306
48929
47041
400233
50721
47329
397961
49377
47201
401705
48898
47489
398153
50178
46977
405641
48289
47009
401417
48481
45985
413065
50177
47425
398314
49025
47553
401066
49857
46465
406250
48929
46849
402537
49633
48513
394409
49025
46657
405801
48129
47521
399145
49793
45729
406345
48193
46209
410537
50273
46017
405194
50113
48193
363432
50081
46625
400202
47233
46337
408042
49089
46081
390889
50977
46785
378153
47777
47681
406121
49570
46593
408457
49217
46785
402601
50273
47105
397546
47201
47041
405674
49377
45185
399113
49121
46721
391401
49153
47265
402921
48321
46753
407017
48417
45857
404649
48801
47426
392105
46562
46113
411049
48961
46465
399689
48961
47553
398057
47809
46657
418026
47713
46177
404586
49825
46657
389481
48929
45985
397961
49089
46561
399593
48449
46593
411049
48449
47009
412361
49825
46401
395849
49057
47010
404649
50337
46913
382697
47457
46625
407338
50593
46689
391305
48353
47137
401418
49025
46369
407209
49505
46625
399817
48866
46753
398697
49570
46977
403273
49409
46529
400457
49121
45537
398985
48865
45921
409898
49569
46593
399434
48161
47425
403850
48897
45441
406922
50114
46529
389225
48769
46049
409129
50369
46849
381225
49473
46817
404361
49473
46466
405161
48769
47297
399882
49505
46721
400170
49313
47073
401290
48801
47585
394761
49954
46786
384201
49409
46593
402345
48642
46657
399081
49377
47522
394633
49185
46913
395561
49249
47233
399465
49921
47009
404138
48353
47201
406378
50497
47329
391081
49569
45921
408137
48449
46657
404969
49601
46945
371817
48354
47809
406985
48546
46401
414089
49601
46721
391017
49953
47201
394985
46977
46657
421130
49889
46017
368969
47841
45921
408042
49473
46049
407466
49697
47521
404457
49025
47457
375721
49985
46529
408681
49474
47681
402857
48737
46145
399017
49569
47457
394537
51041
47009
326984
50081
45857
384521
50465
46081
406281
47649
46881
409386
49665
46049
395369
49346
45761
400521
50370
46081
403945
47841
46946
402761
50945
47265
396009
49473
47585
400649
48993
46881
387145
49473
46785
404874
47777
47265
408042
48449
46337
410633
49345
46241
379817
49474
47009
398057
48833
45761
400489
50529
46785
399177
48961
47105
394857
49825
46177
398281
49025
45121
399146
47169
46657
408394
47617
46273
413930
49505
45697
397577
47297
47329
410185
49218
46465
401065
48865
46754
404777
47841
47201
407081
49345
46049
401354
48097
46145
402154
48193
45537
420362
49121
45889
400937
48865
47329
398761
49345
47841
408297
49921
47329
402729
49345
46433
408297
48993
45505
407497
49697
46689
396041
48993
46561
401290
48481
46145
401386
48257
46465
407562
48705
46273
397193
50849
46721
335048
48321
46433
406921
50017
46401
390601
49601
47266
400937
48001
46977
413865
50721
45793
334344
46529
46241
417514
51042
46338
332328
48289
46753
409322
49377
46401
402665
47841
47329
411049
48897
45793
402281
48770
46721
400169
48098
46849
406281
49089
46561
402537
48833
47617
401898
49697
45857
391081
49345
46337
397385
48225
46177
406601
48961
47105
404265
48769
46721
404745
49409
47009
387945
48161
47361
401065
49761
47041
401609
48577
47073
397514
49153
47073
400650
49537
47585
399690
48033
47169
407370
49601
47137
390217
49057
46433
395561
49570
47489
395657
49186
47201
396745
50369
47425
395689
49697
47457
397065
48705
47521
399433
47617
47265
400394
48353
47425
405385
49921
46689
327400
47297
45153
397033
48865
46081
400521
48514
46305
402185
48769
46945
388361
47810
46369
409961
49537
46401
402953
47457
46177
414922
47841
45537
418890
50785
46817
334984
47841
45441
410410
49794
47617
335752
47937
47233
408105
47169
47393
415241
48097
46049
403145
50338
47042
360040
49249
47297
392873
48865
45793
406314
49857
47361
401642
48897
47137
399785
48610
46145
389801
49185
47169
397641
49185
46657
388041
47778
45601
405033
48737
47873
390313
48929
46754
406409
49665
47297
391497
47809
47105
401162
49601
46305
399018
48385
46081
401513
49057
47361
399305
48065
47617
396009
49921
47649
367560
46913
46593
416521
49057
46690
400873
48865
47041
399561
48769
46753
401066
48705
48033
402826
50273
45857
391017
48769
46657
405418
49794
47969
388617
48929
46305
402121
50850
46913
398185
49249
47329
391721
47842
45825
413705
48961
47009
401193
48481
47297
397226
48065
46753
415786
50210
48322
329928
48897
46785
394249
48737
47329
400873
48578
46753
401449
49569
47234
396937
49025
46722
399177
49665
47553
396553
48161
47265
397642
47009
45825
403274
49153
46337
399690
48833
47041
379497
48833
47233
399017
47041
47361
415658
49410
46593
396777
47457
46657
411177
50209
47425
391881
49857
46849
400425
48641
46465
397865
47617
46881
408234
49537
46017
405354
48929
47137
402953
50529
45953
403241
47457
46433
410153
50241
47201
422538
54497
47681
229701
51233
46945
373672
50689
47745
380457
49249
46849
386089
51073
46657
377897
49986
47938
372969
51809
46593
375689
51010
46850
387049
49666
47105
389225
50785
47073
379145
48577
46497
443562
54273
48513
240261
51201
47969
367816
50817
47905
379881
50849
47585
379785
49634
47137
386121
49922
47425
388745
49185
46818
381193
51201
47329
404778
52481
47105
268710
51105
47009
367336
50433
47553
380584
49057
47137
387849
49761
47841
386377
50498
48258
373833
49473
46689
395657
50113
47553
370345
49921
46786
384969
48418
46369
403081
49217
47266
396457
49281
46337
400745
49409
46657
400233
49633
47553
385193
50305
47585
392681
48897
48161
396393
50017
47297
374633
48353
46753
396393
48257
47073
403497
49249
48194
392297
49602
46849
412873
49537
46817
401449
48001
47233
393098
48513
46593
391689
49153
46753
404554
48449
46625
401129
49762
46273
390889
48641
46753
406153
48705
46273
401129
48898
45665
395145
49121
46241
388297
50081
47586
400713
48801
46017
392809
49601
45793
402826
47009
46529
401610
49441
45857
392233
48769
46145
409961
48065
47105
396873
48833
47329
404617
47266
46689
406633
48482
46753
418153
48865
46977
401289
48289
47169
397705
46657
47170
417322
49538
46913
334376
49505
47681
388393
48577
47809
402729
48802
46785
391753
48802
48257
395241
50305
45762
395753
48161
46529
401897
49025
46689
388841
50081
46305
402858
49089
47041
394153
49089
46721
393545
49921
47969
395305
50305
47777
394057
49697
46785
377673
49377
46882
396041
49377
46721
387849
49729
46273
385449
49377
46305
385865
48993
47425
401002
50177
47009
360841
48353
46369
395369
50434
47201
378665
50594
48034
378633
49762
46689
387785
48930
47201
398825
50049
47202
392361
49089
46626
422986
53249
47873
266407
49793
46529
387849
49857
47553
385225
49249
47105
396201
49153
46977
393673
49345
47681
401833
49058
47777
395465
48833
47106
392553
48002
46401
405833
48609
46817
399881
49377
47265
395401
50625
48033
379464
48961
46849
396650
49473
46497
397321
49793
48641
384137
50178
46657
391465
48578
46945
392329
49793
47297
388681
49633
47969
378408
47618
46753
413865
48257
45953
407881
48609
46561
402474
49089
46753
400265
49473
47329
349576
48545
47553
398345
49025
47457
393865
48449
46113
386665
50177
45889
372840
48929
47810
398313
47329
46817
400201
48226
46049
415849
48513
47457
405834
49345
47041
401834
49217
47649
395977
49762
47425
378217
47009
47329
411370
48033
47425
404585
49505
47105
384265
49537
47713
392809
47905
47873
393097
49121
47297
383688
49089
47169
399370
50209
47585
382185
48353
47873
399722
48833
46881
401289
46753
46657
418634
51009
46593
341384
50369
46785
386793
48801
46401
399209
48065
47105
398985
49057
46689
400073
48769
46913
395658
47137
47169
409098
48481
47425
403210
47969
46433
411178
50210
46945
391881
48033
47233
401897
48226
46625
408297
50081
46913
390409
48033
47137
396425
49665
46785
400681
49985
46593
393385
47297
46561
408906
48866
47265
393481
49921
46561
355176
48770
46401
395689
48033
46785
399209
49601
46881
374537
49185
46754
395977
47330
46721
407657
50881
46337
374056
47489
47490
406090
48705
47009
402122
48481
47073
393225
50081
47490
380041
49506
47649
392201
49217
46625
387721
49281
46721
422154
56289
48673
228613
52865
47745
364584
50785
47809
386313
49217
47457
378505
49793
47425
377545
49474
48385
384073
49986
47777
370569
51585
47521
367336
51649
47521
364968
49858
48450
388649
49473
47681
400074
53185
48161
280614
51713
48482
315335
49729
48065
380105
50273
47266
370281
49985
47585
382409
49121
45921
395785
50177
47169
377897
50049
46786
389833
51073
46273
382185
50081
47489
384073
50337
46689
388009
49953
47233
383753
49281
46945
394409
50850
46210
370345
48897
47265
400202
48545
46113
404842
48065
46593
645519
58210
49857
121187
52161
48001
288358
50529
47841
377640
51617
47521
380232
49377
47393
391530
47873
45345
397866
47873
45857
407082
49057
47393
389993
50625
47777
385577
48098
45441
392489
49089
46273
414089
47937
47745
389993
48001
47137
402537
49345
48225
400233
48641
46561
402890
49569
46561
406058
48481
46657
396425
48289
46625
398377
47809
46817
418666
47233
45953
408137
49697
47585
399881
48513
48066
395657
47969
46177
390537
48193
46017
418762
49633
47201
406282
49665
47009
391433
48385
46881
397033
48865
47041
399113
48641
46625
400713
46241
46593
424330
47810
47425
405161
48193
46497
420553
50337
46593
331207
48673
47522
400041
47841
47906
415626
50017
46753
393097
48641
46017
409706
48929
46114
332424
48161
45985
409322
47009
47105
417770
48065
47265
405993
47746
47457
401481
48929
47809
393801
50049
46081
393833
51841
47521
382633
50337
46849
386729
49153
47009
409290
47393
46209
407722
48289
47009
399913
49089
46721
387817
47777
47073
412585
48993
47810
391081
48097
46913
415369
48193
46401
414153
49441
47489
390953
48801
46945
400330
50337
46017
421354
49217
46049
393353
48673
47009
422409
47937
47329
394825
47457
45761
406441
47682
46465
413577
49601
46593
412233
46753
46849
411818
48737
46785
402826
48865
46465
408234
48193
47073
393897
47649
46753
415850
47393
46337
414986
49025
46209
392233
47489
46433
410185
50337
46497
345480
49761
46305
393161
48769
46178
406057
50561
45953
388457
48993
48321
403786
48097
46881
418570
49410
45985
396009
49537
45665
397417
47425
46369
412233
49793
46689
388585
49793
46561
390153
47681
45986
406985
46977
46977
421386
47521
47137
412522
49377
47073
401482
48129
47105
400938
48417
47425
411370
47777
48097
402633
48353
48097
409993
48449
46913
415113
47938
46753
413609
48417
46689
376936
49889
53057
396169
48289
46274
409866
49537
47393
409418
49537
47169
372713
47425
45121
418570
48161
45921
407945
49537
47009
408841
48577
46785
413417
48321
46881
390121
49537
47361
403529
48545
46017
402826
49409
46849
395049
48737
47617
413930
47777
45537
400073
50593
47361
412746
48833
46113
404105
47041
46497
415626
49697
46305
388233
48322
47041
412393
50049
46882
407049
47809
46914
410858
49281
46337
403497
49121
45377
397833
49985
46625
403401
48513
45953
406057
47841
47937
417801
52033
47649
387305
48705
46818
397161
47650
45921
410601
48001
45601
420138
50017
46785
386281
47201
46625
397866
48385
46241
413162
48257
45441
405290
49441
45761
409514
48641
46497
389993
48897
46721
409129
49538
46401
397769
47266
45601
417641
49761
45921
380841
48289
46561
410026
49537
46753
400681
48481
46849
404778
48673
46305
400009
47746
46369
397481
49761
47202
392169
47713
45729
418057
48770
46113
417065
51233
46241
330535
49953
47041
391529
49729
46721
396777
48961
46018
410218
47969
45313
413898
47937
47329
411530
50530
47106
340872
48641
46593
410345
48737
46561
408425
49281
46914
400361
47681
46401
418985
49409
46753
357641
48577
46177
408010
47457
45409
412554
48833
46177
406602
47617
47009
408650
48609
45665
405577
50337
47617
325447
49569
46241
385417
50049
46273
387049
47457
45441
403817
49537
46273
393545
49889
46625
397930
49089
46209
402730
48737
46177
398185
48321
45857
402250
47969
47393
416906
48226
47393
399497
48961
46305
400265
46945
45825
427306
50209
47073
323719
49153
46273
386025
47873
46145
404746
50305
47745
344840
48417
47329
402026
47745
47233
410410
48961
45953
398601
50017
47201
402377
49345
47521
403561
50785
46721
387689
48289
46529
394441
49793
46017
399081
48033
45857
406057
48321
46561
403274
48929
45665
403561
49954
46049
388681
49218
46433
396329
49826
47489
393161
50209
47874
393865
49857
46593
379145
48673
47425
399785
49633
47521
386217
48385
47713
396169
49537
47105
391081
49377
46433
398505
49986
46465
382889
47937
46849
404073
49154
47009
401897
47873
47265
411145
49569
47233
403113
48897
47170
403209
47425
46914
406057
48321
47169
401770
48385
46369
395689
50305
46657
390089
49153
47649
393513
46977
45825
433642
53345
46913
286118
50081
47201
382729
50177
46625
381993
49601
47297
387433
48737
48097
387241
49857
47969
381481
49921
46977
386345
49633
45505
387625
49153
46433
393289
48418
47073
395817
48865
46593
378569
49537
47106
400713
50817
47649
316679
51329
47361
381481
49217
47425
380393
51394
47682
372713
50370
47361
376649
48738
47266
379721
50210
46946
379785
49922
47009
383785
50369
48353
367561
51105
47841
369256
51297
46689
375048
51201
46625
372616
49121
46593
400874
48865
46625
404777
49281
46561
387017
49282
47681
385001
49793
47681
374281
49858
47265
392201
49665
47682
387337
51329
47873
376456
50369
46817
376616
48513
46881
400041
48385
47073
408490
48897
47393
392554
49217
47137
395721
50818
47138
374537
51010
47073
380297
51361
47745
375113
48417
47329
384617
50337
47041
371464
51329
46625
375464
48609
46945
393322
49537
47137
376649
47617
46369
409130
49537
47137
393833
49057
46721
398665
50050
47425
388233
50273
47073
378633
48129
46209
389641
48481
47425
391273
49089
47713
398506
48577
46561
390826
48801
47457
399946
50017
47649
380361
49633
46881
375305
50465
46785
378281
49634
46945
386217
50273
48161
377385
49857
47169
382121
49761
47137
387273
49057
47009
382761
49057
46209
405258
50273
47073
318088
48193
47361
398122
49634
47105
376393
51393
47073
375817
47394
47425
391881
49953
47073
384361
49057
46337
393705
47713
46977
403401
48833
46689
389577
51105
47681
378601
48449
47233
390281
50657
48673
388137
49089
46817
380873
50338
47362
376649
50018
47553
387817
50241
46817
382345
50273
46977
375944
47874
47937
400265
49697
47425
380905
49953
46689
384456
48705
48641
386697
50273
46849
384905
49762
46753
381449
50338
46977
385769
49601
47233
386953
48610
46049
389193
51041
46241
369800
47329
45794
400969
49121
45953
382025
48897
46561
396009
49473
47329
358664
49185
47041
394857
50466
47329
334696
48033
46401
398121
49921
46466
384841
50017
46689
374952
49569
46817
380361
49921
47841
386601
47233
46657
401769
48993
45505
389225
48321
46497
376745
49409
46849
392617
49633
46881
383273
48225
47905
401737
51713
52609
213637
48545
47073
308519
49057
51841
303239
50625
84449
276838
85250
48065
311847
50529
47297
317799
48993
46721
408618
48129
46305
403786
50530
46786
379913
49506
47169
381449
48929
47041
403081
48994
47457
408969
49569
46209
397738
50081
48353
341351
50913
47585
371336
46945
48481
400426
48417
47009
384425
49345
47457
377737
49153
46657
389801
50530
47873
382569
51329
47745
315623
48097
47521
396585
50209
46913
378089
49537
47105
386921
49153
46913
391657
50753
46017
378153
50145
47553
389801
51233
47873
383625
50241
47009
370729
49858
46306
385769
50177
46593
369929
48641
47489
394345
48993
46977
392969
47809
46945
386505
49793
46721
374088
50497
47297
401545
51170
48193
319176
48993
47553
397353
50625
47233
374985
50209
46945
388265
48673
47233
365320
49217
46817
379177
50689
47105
376360
49665
48161
384136
49409
45345
374345
48993
46625
383081
49793
46881
375241
52034
46177
387817
49538
47393
388201
49057
47265
398185
49153
46849
398761
49825
47681
392585
51521
47361
360616
51553
47169
372296
49441
47105
388105
50337
47841
390985
50593
47809
373001
48865
46849
391305
49601
46849
387721
48130
46529
390633
50337
48673
334183
50369
48961
371720
49057
47457
390921
50945
47745
383241
50273
46049
367240
50113
47841
376553
49761
47681
375369
48993
48641
405065
48161
47553
395689
48225
47937
391753
50177
47393
377929
50529
47361
378664
50177
48001
371336
49825
47521
372168
49729
46849
381032
49057
47137
406186
50145
47265
322792
49377
47329
390697
49665
46945
376425
49505
48001
384841
50465
47425
375208
49889
47393
356296
48193
48130
391785
50305
46529
377192
48673
47233
392297
49025
46721
393321
50273
46785
378217
51586
46562
378537
49729
48833
367433
50913
47553
375881
49473
47041
377865
49953
47617
386921
50241
47041
379657
48961
48738
354600
49665
48161
388361
49281
47329
389001
49057
47361
395977
48769
47169
389865
49057
47457
392105
48802
47073
393161
49474
47362
391497
49825
47201
377993
49025
47521
387849
49889
47041
394825
47745
46305
393161
50881
46529
378537
48289
47201
402506
50593
47041
387785
48513
46689
390985
48705
47329
387561
50977
46273
369449
49761
47297
384873
49025
47745
357064
51201
48353
381160
50017
46433
377128
50529
47937
378185
52353
47649
378473
47809
47393
396905
48129
47457
399913
48481
47041
391017
47682
46657
399593
48289
45730
398697
49985
48321
368136
50689
48289
370856
49825
47585
379656
48449
45921
386665
50369
47073
371465
50434
47746
375721
49282
46657
392521
49378
47585
389097
49057
47393
387049
49921
47361
384937
50273
48801
333863
50529
47041
336903
49793
47425
387241
50721
47137
341672
49793
46721
379689
51105
46273
357448
49314
47521
386921
49762
47585
390761
47969
45953
390217
49185
47969
379113
49793
48513
374088
51297
48129
373320
50849
47169
372680
49345
47937
390889
49537
47361
394153
47713
46497
399305
50786
46881
343048
48705
46178
388009
49281
46945
391113
49217
47105
378536
50497
46689
391945
49921
45953
385896
50081
46977
386761
50465
47649
386313
50786
47233
377801
50978
47649
308775
49601
46849
393097
51457
47553
375657
52289
46817
377033
49345
47265
386409
49953
47137
384745
51073
46817
381513
50273
46401
330887
50113
47361
389033
49121
47457
394889
49025
47233
392393
48161
45857
397769
49218
47329
393737
50849
47585
380041
48609
46209
406089
48705
46273
407594
49505
46561
383433
47905
46881
400329
48833
47169
397161
49282
47233
373449
51553
47745
383753
49090
48129
384009
48801
46785
407273
50881
47585
323047
50049
47457
382793
49249
46177
390057
50145
47777
392425
50049
47169
380969
49409
46849
374505
49441
45761
403113
49634
46657
398473
48801
46529
387497
49761
47201
385449
50529
47937
380585
50273
47777
375048
49441
46977
384360
50017
47457
371240
50529
46849
382761
48641
47201
405513
50242
47554
373801
50177
47297
383465
50370
47426
382985
50337
47234
390505
49505
46817
395337
51554
47266
349640
49793
46817
379848
50177
48385
384392
50593
48481
333256
48257
47489
400170
48065
46689
398089
50273
46914
381097
50210
46946
386121
50465
46977
381993
50369
47457
385193
47649
47745
405065
49537
46305
384392
49153
47169
389513
49025
47617
386248
50209
46465
381545
48321
46273
387017
49089
47009
396297
50049
47201
382569
49761
46689
397257
49569
46465
370472
49025
47009
395817
50657
46817
374568
48737
46817
410986
49825
47681
381993
50370
47202
377641
49506
46338
385257
50273
46305
351368
48225
47137
398889
50113
47137
382505
51329
46593
388649
49473
47009
382312
49921
47233
386825
49153
46881
382984
53089
47297
376297
51041
48097
334824
49889
47681
389385
47937
47105
405193
49889
46977
382505
50625
47777
375657
50305
47201
364296
49601
47457
376264
48481
46849
410025
48641
46657
405898
49857
47713
345256
47553
46817
396073
48865
47329
394729
50434
48257
383753
50209
47329
368745
51105
47809
370633
50273
48385
377001
51905
48161
381864
49761
46689
390377
49505
47585
389353
49537
46529
378601
48609
45857
389257
50305
47169
391689
46561
46113
405769
50337
46593
383977
48577
46849
389545
50113
47777
364616
48737
45633
398761
49473
46529
393161
49409
46305
387240
49281
47265
336936
47169
46561
400586
49281
47521
376553
50690
49026
388457
48481
47297
389449
51009
46593
372649
49026
46529
410633
49409
47425
391913
49761
47329
378824
48673
46401
391177
49889
47393
389801
50561
46977
394761
51617
47393
313639
48385
47521
393033
49889
47137
389417
48641
47266
395305
49409
46913
382120
49345
47713
379016
48449
47297
392585
48737
47009
390569
49377
47425
376041
49505
46561
376777
49761
47073
387785
49921
47329
402313
51105
47809
324551
49441
47969
382505
49185
47042
400041
49057
46945
390665
49857
47073
396682
49857
46433
387689
47489
47393
400842
50050
46497
377545
48801
45953
392265
50050
47810
384201
49217
47169
380617
48385
46369
389897
48705
47234
393737
50433
47073
383273
48865
46529
386537
50785
47201
376937
49185
45953
374953
51585
46977
376969
49377
46081
388681
50754
47042
380137
50849
45889
375337
49058
45825
405513
49345
47010
393993
49089
46530
403785
50689
46497
328456
48097
47329
401834
49730
46433
382281
49089
46337
387465
48482
46977
386409
50689
46433
369545
51265
46753
380233
49121
46753
381161
49217
47041
385513
50561
46753
390121
50561
45665
377096
49761
45729
393418
50561
47650
379049
47841
46113
394185
49217
47361
396073
50529
46529
380745
48289
46497
378825
49121
45921
391817
49633
46081
379528
49601
46753
382121
49570
46497
370312
48257
46113
392681
48993
46177
390569
50050
46337
394569
50210
46657
381961
47906
47329
389865
51137
46945
366312
50209
46241
381737
50529
46881
374856
50657
47873
373544
50337
48193
376297
49441
47233
382121
48865
47329
386537
48385
46977
405066
48161
47521
399657
48962
46625
388073
48161
46081
397129
48257
47137
387817
49697
47585
393161
48865
46145
396266
50626
46945
368041
49986
45665
369801
49569
46433
379977
50594
47521
375593
51393
47713
369033
49537
47394
385705
47745
46881
396201
50625
47713
388809
49697
47073
379560
49377
46913
388969
49665
47169
395978
48513
47393
393065
49633
46369
387785
49538
45569
380137
49153
46849
395209
50177
47138
397161
50753
46241
366280
50433
46753
392745
49377
46305
370184
49153
47298
400713
49633
47137
328872
51297
47233
370793
50434
47842
366601
50817
47361
389097
50529
47233
371241
50497
46561
379401
48225
47745
385449
50465
48097
382345
49729
46593
372616
48993
46945
387592
49185
47041
396266
50657
47681
375785
48737
47361
390281
49217
46913
393609
50562
47298
383337
48961
46369
385385
49889
45857
389897
48482
46049
405833
51105
46721
389897
51361
47137
375048
50145
47105
371752
50273
46817
387209
48705
46977
375049
50305
47713
401993
49377
47010
389769
48929
48098
387849
49377
46241
404905
49601
48513
376424
49697
45889
374536
49793
47297
383176
49089
46593
383017
48737
47137
406313
50786
47714
376809
50306
46786
376329
48929
46817
394921
50594
47137
389705
48674
46273
403625
50177
47009
376297
49537
47425
387753
50657
46017
378472
50561
46145
371112
50433
47169
389097
49441
46273
388361
48737
47297
390441
49377
47873
378409
49281
47521
379337
48737
46081
396745
47457
47233
404521
49057
46657
404298
49089
47457
384264
48481
46721
401866
48481
46497
394057
48001
47105
403178
49441
45729
405033
49697
46145
359080
50305
47297
379593
49665
47329
373481
50657
50625
369448
49633
46881
394569
49473
46689
386857
49345
47009
388201
49890
46273
381257
48449
46721
385481
48545
46113
376201
51169
46209
381801
50561
47521
372584
47297
46209
397513
49121
48385
397321
48929
47841
382408
50017
46881
388265
48609
47073
387273
50369
47073
384265
50786
47617
372041
49505
46785
389833
49217
47329
392841
50433
46977
635279
59073
49634
51489
47425
506092
51233
47265
368937
55810
47137
314824
48673
45985
386953
49089
46529
393193
49121
46561
392361
48449
46049
393129
48129
51265
393161
49633
48097
401961
48545
47393
419177
50049
45985
400938
50529
46561
322535
49313
47649
418410
49633
47553
389929
50113
47073
375273
48929
46753
402057
48865
47873
402665
49666
47010
394729
48610
46209
395881
48673
47297
410569
53249
47393
400106
49121
47521
329415
47809
45921
394505
49025
46977
390313
51745
47393
397002
48641
46817
402281
48609
46497
399401
49665
45921
368488
48705
46913
413321
51009
46369
327847
49377
46657
398985
49569
47809
398826
49281
46401
375657
48705
46465
404810
50273
46497
386825
47905
47297
402697
49153
46113
418698
49217
46305
377512
49697
46561
387273
48161
47458
395145
48289
46786
410826
49825
47553
349544
48449
46945
409418
48993
46081
417322
49441
46113
398025
47906
47201
389865
48705
47137
416073
49921
45665
379113
48161
46817
412009
48001
46913
401929
49313
47073
370440
49665
46913
398282
47745
45505
415978
48993
46977
369865
48610
46817
380393
48962
46145
388073
49313
46433
404009
49826
46913
349448
49730
47585
400713
48514
47169
400265
49473
46817
395497
49313
47426
406410
48641
46721
398826
48609
47425
401354
48161
47297
399050
47937
46145
415178
49185
46721
431946
53473
47809
266854
50273
46689
386025
50241
48386
394185
50689
47617
377832
50849
47009
374696
49601
47809
398025
49441
46337
374728
49953
45601
396937
49538
46465
380553
49281
46465
387657
50626
46913
374825
50945
46721
380009
49473
47329
381897
48513
46305
396201
49185
46625
393609
49761
47233
385608
50113
47137
382057
49857
47873
382857
48321
46593
397577
49089
46785
392841
49409
46561
389321
49217
46721
385289
49121
45921
397513
50625
47009
381577
50017
47777
386409
50625
47201
381000
49057
47297
398666
49633
48097
396809
49761
46401
384905
50209
55586
371369
49217
47841
400649
51265
48193
382345
50241
47553
372520
49569
47681
382281
49377
47042
399689
48257
46977
392841
49761
46977
393993
49249
48225
384329
47873
46945
394313
50209
46913
409289
50369
47137
377929
48674
47009
402473
49729
47873
370633
49921
47233
389321
50145
47809
388201
50145
46977
374184
50273
47137
387401
49185
46465
381961
50370
48674
324008
49570
46817
385321
50370
47713
388105
50017
46753
384713
49953
47394
394601
48961
47649
412714
50945
47041
334407
49825
47521
392874
48897
47329
374409
49857
47553
390473
50497
47585
386697
49761
47393
387593
50306
47169
385801
48833
47009
396905
50913
47457
400362
52449
46497
700240
57601
50114
50145
46529
381033
52225
47809
311976
49089
47553
393321
49665
46401
389993
50305
46433
328680
48386
46785
390217
49377
47233
398313
49217
47137
383753
48834
46529
403145
48897
47201
396841
48929
46561
405545
50273
46593
395945
50657
45953
400682
48961
46433
401162
47041
46145
417578
48641
47073
409930
48961
46689
409609
47297
47969
403337
47649
46401
421642
50081
48001
325927
50785
46657
395081
47937
47201
398665
48961
47969
409578
48961
46145
397193
49025
46753
398698
48929
46465
409930
47553
47297
413610
48578
46209
392233
47777
46561
417162
48833
46209
403081
49633
47778
398953
48833
46178
404681
50177
46209
339112
49793
47169
388361
48225
46081
404938
47681
45761
411082
49505
46977
404969
48449
45697
407689
48609
46433
401673
47618
46401
407721
46914
45889
422602
49377
45921
382121
47873
46657
405322
47969
46690
410410
47201
45857
410826
47009
46113
416682
47233
46625
414218
47393
46049
405993
46465
47265
423402
49249
46593
397385
48226
47073
410985
48193
46337
399977
50273
46465
405994
48257
45057
417450
49505
46945
398761
48865
46177
398409
48193
46369
406281
48097
46721
400969
47585
46689
418281
47585
47425
412169
47201
46529
399689
49474
46017
414057
47841
47777
426026
47873
46369
401482
48865
47073
405194
48225
46529
414602
48449
47201
396905
48417
47425
404201
47361
46369
402121
49665
47713
395145
48354
46465
418474
48577
47234
407722
48929
46753
403658
47809
47137
401898
48417
45985
403178
48097
46433
395209
48834
46913
388233
53057
46113
339592
50241
47233
398729
49185
46850
393929
49793
46785
410409
49633
47265
344008
49249
47649
401578
51041
46497
376201
51585
47617
313607
49250
99459
322216
49954
45921
390089
47457
45953
406089
50081
46689
384681
64130
46369
220325
49377
46465
390985
49409
46817
397865
48737
45249
388873
48833
46145
397002
48513
47201
412042
49505
45825
394697
48577
45409
411626
49218
46209
389001
50722
45889
392841
49505
46530
394601
49538
45665
411817
48321
46337
402537
47425
47265
404970
49633
46273
382729
50306
46817
369065
47617
46049
402314
49121
46977
404681
48225
46273
394697
49121
46433
401097
49985
46689
389609
48738
45889
403753
49729
46113
387337
49121
47009
406601
49057
46658
405513
50113
46785
390217
49217
45793
393289
49057
45153
399593
48705
46305
398825
50401
46753
384137
49857
46433
394921
50241
46977
380329
47137
46113
404521
48193
47105
398953
48769
46497
396778
48897
46849
396618
47297
47777
394249
49697
46849
374153
48705
47169
403177
49345
46977
369193
48289
46913
400713
49602
46753
404905
49473
46561
399369
50625
46881
384777
48609
46530
404073
49249
46305
398314
48289
47297
412202
49153
45729
397641
48641
46337
401449
49121
46433
401321
49441
47329
369800
47425
47041
413513
51137
46913
387913
49601
47169
384521
48225
45857
398890
50785
45985
403658
49249
47585
393961
47617
46945
405770
46945
45921
413962
48033
46113
404393
50530
45761
391945
48513
46209
404713
47458
45153
405769
49057
46530
403273
49442
47041
362312
48801
46433
409674
50273
46177
397673
49793
46881
387113
49442
46657
386953
50274
46145
394665
49442
46689
392457
47617
46209
414761
49409
45505
388361
48897
46721
396361
48609
46529
398345
49473
46849
395561
48833
47777
402538
49761
46753
398121
48609
45281
400490
47649
45569
414154
49665
45601
375017
48545
45697
400009
48705
45921
406761
50593
46017
395657
49569
46081
385000
49729
46657
377896
48961
46113
411914
48449
46689
399882
47649
45793
407786
48577
46849
408681
51650
47553
388841
47745
47201
392233
49697
46433
389705
48257
46241
412361
48929
47330
397897
49537
46529
399401
50273
47393
395530
49217
46337
398058
55297
46145
387529
48577
45729
404617
49121
46561
396201
49762
46433
400649
49953
46242
403625
49121
46593
405065
49313
46369
383368
47873
46561
397449
48129
46401
400842
48449
46113
399306
47809
46561
409770
49697
47233
396297
49121
46913
406569
50082
47169
395241
48225
46561
409961
48289
46081
400969
48001
47169
408809
49633
47234
404169
49505
47522
402665
48225
45313
407114
49249
45409
403210
49057
45953
420362
49569
47010
384425
49473
46946
386825
48866
46977
395209
48514
46369
401865
48130
46337
417865
50113
45793
399753
49153
46913
405226
49281
46785
392521
48001
46977
413226
53601
46273
379177
48257
46177
400009
48801
47105
378633
49569
46178
389801
49634
46753
398473
50082
46978
393289
48386
46625
412265
48961
46753
390537
49697
47297
392873
48865
45473
395785
47969
45569
402793
48609
46209
402217
50497
46081
405161
49761
46913
384169
48226
46369
398921
48225
47137
393929
49633
46945
398793
50113
47329
392297
48193
46433
407690
49569
46913
397737
47713
46817
409578
48449
48257
405321
48417
46209
403273
48705
46049
406025
48866
47009
404201
50593
46913
364776
48898
47425
406761
52673
47393
392233
50497
46337
383209
49217
47265
387817
50145
46625
402378
49826
46657
385609
48545
46305
402985
48577
45729
405545
49058
47105
399049
48609
46401
401737
48129
46913
409417
50081
46913
380872
48961
47234
410858
49025
46305
397162
49313
47137
404330
48833
46945
385641
49377
47329
396617
53505
46561
374473
49314
48097
398217
50049
47906
395177
48578
46881
400073
48161
46369
409737
49697
47169
402314
53154
46049
335080
49665
47009
383689
49442
46945
382729
50466
47041
384041
48129
47969
413513
49377
46337
388329
48674
45857
407785
48897
46722
401385
48833
46753
390505
47809
45953
414985
49217
46785
399050
48897
46401
409578
48033
45697
405066
49281
46401
404265
49121
47041
380681
47521
46753
417609
50945
46401
377480
48833
46433
386537
50433
46529
387817
47905
46721
415402
48353
46209
405514
48801
46465
407210
49569
46273
384329
47937
47105
394729
47457
47201
404681
49473
46625
397257
49409
46177
406409
54369
47361
379817
49409
46465
403977
49249
46466
403849
49089
48417
405386
48065
47137
407402
48129
46273
412522
49697
46913
409898
49889
47842
384873
49697
45953
403273
49185
45729
401129
48545
45665
404329
48034
46241
409289
47585
46017
408266
48417
47297
401898
49025
47617
399178
50241
47201
383369
49729
46113
397993
50562
47041
390313
49089
46497
398441
49090
46177
401545
48898
46913
408041
50305
46273
379720
50177
45857
382280
48897
46401
394281
50689
46593
389097
48705
46337
407786
49281
46145
371657
51713
45953
407561
48994
46337
401993
48738
47105
404201
51297
47009
382825
49185
47426
396873
49793
46401
383432
48897
46753
386184
48097
46305
406826
50049
46337
389961
50689
47585
392361
50337
47297
405033
50018
45986
388521
48737
46849
407913
47777
45249
405513
48450
46945
406185
49025
46497
400585
48801
46594
409961
50401
46913
390377
48193
46689
402090
48833
45825
408362
49537
46593
398985
49985
45889
397609
48002
46657
405641
49473
46241
401929
48130
46113
407593
49985
46081
391209
48289
45345
406762
48929
47361
394250
49409
45921
400810
49121
45729
401385
48193
45985
398057
48385
44993
406089
49025
45505
403177
49154
46849
401993
48322
45985
401193
53282
45793
418442
49601
46305
391625
48257
45953
411402
49601
44865
394281
48097
45729
409034
47777
46145
412106
50177
47457
362632
50178
47201
392937
49057
47201
398153
49121
46786
405673
51233
46561
395881
48705
46497
385897
48641
45697
416010
47713
45665
400170
48993
47361
399562
50177
46369
384937
48513
46881
406025
50689
46625
361480
48865
47425
405833
49953
46817
401481
49953
47041
383817
49889
47201
388713
51137
46721
395690
49825
46881
388393
48417
46017
399434
52193
46145
400105
49538
46273
394633
48481
47073
395977
47201
47105
413097
48065
46593
406729
49985
46465
393193
49761
46529
386441
48449
46561
396489
49825
45633
393930
48513
46817
401450
50209
46625
388041
48097
46945
410378
49153
47265
407273
50049
46786
391881
49441
46850
388425
48833
47137
410985
47905
46849
410409
49665
46337
392457
48929
46305
409546
49441
46977
387721
48257
47585
403626
50881
47169
363336
48801
47937
403305
50946
47745
388649
47809
46017
416106
47777
46849
413673
48225
46657
405097
49889
47553
390889
49345
46881
404233
49025
46241
396905
48353
46241
409706
49057
47585
394377
47713
45697
414250
50529
46593
389929
46881
47073
409705
50305
46497
383721
48193
45761
411529
48801
47105
396489
47905
46177
405577
48257
46497
411530
46977
46689
398313
49410
47585
384521
47617
46177
404553
49185
45665
377641
49954
45985
400073
49826
45505
403945
49185
46273
397801
48481
46433
406185
49377
46337
407626
47329
46177
392201
50049
46465
408458
48609
46209
394409
48097
46689
409290
49249
46849
398889
47073
46913
405737
47905
46337
409897
49121
45249
381545
48385
47297
407657
52641
46401
374280
48833
45665
403754
48833
45409
404106
48545
46433
406602
49153
46913
395593
48897
47393
400777
49057
46785
404457
50561
45217
385289
48066
45249
409769
48001
46145
404297
48002
46337
418505
48641
46241
403914
48545
46369
391369
49569
45825
399050
48705
45889
405994
48897
45665
413802
48897
46369
402761
50626
45729
399465
48290
45857
404649
49505
46561
398985
49121
46817
399849
50561
46145
384008
49665
46049
397610
48641
46241
411402
49121
46401
403754
49665
46305
401545
50017
45825
391689
47681
46785
409193
50081
45729
393033
49793
46113
396938
47585
46561
402601
48705
45729
402538
48481
46337
407242
48577
46849
401450
49537
47041
402026
47841
46721
409482
50017
46977
335304
48257
47457
403817
50177
47393
379625
50625
46625
403977
47009
47777
409289
49441
46913
400553
49601
46785
397161
48353
47265
404266
49185
47201
390537
48481
47073
409482
49057
46753
401481
48865
46433
408713
49953
47297
390089
47618
46177
415241
49121
47009
396041
49217
46913
398474
49953
46945
383177
48609
46977
390729
49633
46465
411850
50753
46049
368617
50337
47521
380617
48001
46465
412138
48961
46209
411241
48450
47745
408169
49441
45889
385929
48225
46754
401673
50081
46241
385897
49217
46017
409706
48801
46497
404554
48193
45697
410634
49377
47393
401513
50402
47521
396169
50241
46530
390889
48993
46721
389097
47969
46401
414121
49825
46881
388041
49537
46497
404522
49921
46273
377769
48961
46529
394793
49633
45761
400265
48737
46465
397833
48385
46977
411114
49121
46369
401705
48673
46785
394985
47906
46497
409097
50081
46049
404169
48417
46401
412778
47073
47170
412042
48289
46177
405290
49217
46529
402505
48801
46113
399977
48961
45633
408969
48673
47361
405449
50050
46945
402281
49154
47297
409321
49089
45505
374856
48481
46946
401833
53985
45473
388041
49761
45665
390953
50401
46625
400554
50113
47009
388489
50402
46881
391433
49985
47010
388617
50050
45858
396713
50017
46401
378536
49217
46817
396169
50593
46881
387369
49537
47297
406538
49537
46465
395145
49793
47329
400233
49538
46337
384617
48129
46721
403657
49026
45217
399465
48609
46241
407721
49889
45538
397065
49569
46593
367496
49377
46721
396585
48993
45666
405769
47809
46529
420650
48097
46177
398537
49281
46625
395849
48065
45537
426602
48577
46018
392361
49346
47425
401225
50465
46625
386793
49345
47042
400265
49985
47425
396809
49569
47681
389897
49761
46625
390313
49121
46593
394537
47585
45697
415466
47841
46241
409481
49185
46721
400009
49569
46209
380329
49345
46849
387913
47778
45825
406633
49409
46561
404713
49121
44929
404105
49409
46561
395978
47809
45729
414186
50305
47457
391497
50306
45953
385097
47713
47649
411721
49377
46273
389193
49633
47649
384937
48802
45889
412905
49921
47361
380936
49345
46401
401066
50689
47137
378537
49057
46465
413066
50017
46497
388809
48321
46369
403273
48962
47041
385001
50337
46913
399081
50241
46721
381961
48034
48129
408553
49057
46881
369512
48929
46786
403561
48065
46145
414922
48609
47265
409482
49569
46913
391465
48257
46945
408170
49921
46337
399145
48545
47585
403369
48737
46689
416073
49057
46689
400649
48225
46722
408745
53121
45985
386121
50081
45985
400266
49634
45633
385577
49217
47457
393833
48513
47297
407850
48865
46561
406537
51937
46529
376169
49473
45953
404745
48641
46689
409929
49057
47265
397161
50625
45633
384424
49409
47105
401770
49569
46561
391913
48417
46273
404010
50081
47969
394633
50082
46530
341704
48577
46113
399561
49794
46721
400393
49505
46274
396361
48737
46977
404457
48897
46594
404681
49313
45857
395337
48481
46593
393258
49633
46881
404010
51521
46497
395913
48513
45025
406186
48577
45889
410506
47937
46849
416969
51266
46978
348776
49633
46882
397577
49377
45985
398473
48801
45921
400106
48417
45985
