118403
38401
36065
29600
27361
26689
27361
25536
25633
24896
173252
25345
24513
669968
27009
25249
692112
26561
24256
663504
24449
23809
685712
26113
24161
682128
26145
24320
681295
26369
24128
626639
25568
24320
657519
26241
24129
683504
24864
23072
883476
26912
24448
439306
27488
24064
656207
26785
24225
679760
26465
24097
687792
28129
24705
638607
25345
24321
678256
25921
24609
680272
25793
24193
686832
27776
24608
666991
28865
25025
635823
27136
25089
659951
26689
24385
663055
25984
24033
660367
25697
24192
684208
27072
25153
653743
27201
25472
686927
28929
25664
631502
30337
26753
614670
29185
26976
619982
28288
26945
671888
32480
28897
598893
30689
29185
597581
30241
28000
627790
31169
28832
633775
30400
29153
595917
29857
29025
608334
30081
28096
626030
30881
28928
602222
30369
29121
608014
29441
28384
633039
31265
30497
605453
32289
30529
594414
32545
30209
569357
33568
30209
598830
32897
30657
566925
31937
29985
591182
32545
30369
562925
32449
30753
584558
35521
31841
568781
33376
32929
596814
35137
32896
543117
36033
32512
550637
36513
32608
542509
36161
31713
530892
34752
32385
541453
35297
32929
571405
34401
31585
575885
34977
32673
550093
37569
34785
532684
36929
35201
515564
36737
35105
546061
37185
34496
564301
37153
34656
506764
37857
34273
500620
36417
33920
549517
38305
34336
533069
35489
34369
516620
36097
34432
546573
36385
34144
553325
39488
36929
542637
40353
35969
487275
40225
36289
537037
41665
35553
385705
35713
33792
568717
34689
33504
556365
33825
32993
584397
33953
32577
577677
34977
38721
475115
35072
33025
543277
33921
32385
577965
33409
32513
591853
38625
35361
463146
35169
34849
528044
37536
34977
546380
38497
34881
509100
37345
34177
563373
39009
34561
504203
37921
33889
492427
37345
34817
535372
36225
34593
564173
37345
35233
525452
36449
35361
557101
35744
35489
559372
38817
37216
529804
40193
36609
468234
40800
37505
490347
38017
36289
524844
38913
36672
533837
38593
35809
513227
39361
36609
529676
38593
37537
523308
39009
36737
544333
39425
37409
516203
38593
36929
527820
39073
36897
525580
37537
36577
546253
40737
37185
516587
38465
36096
533293
42881
39809
457131
42113
40385
497612
42017
40065
487852
41345
39905
492140
41569
39745
493132
43681
39297
505676
39969
39553
502124
41313
39041
498988
42593
39457
490508
44321
39681
494764
41505
39809
486380
42113
40097
498924
41505
39713
499564
41057
39969
523980
44001
39553
480395
41153
39713
493164
41345
39009
486123
45025
46977
418314
44321
42913
460587
46081
43329
459083
47105
43073
457611
47297
42881
458442
45409
42817
452234
44801
43137
453514
46049
42369
450250
45217
42977
459818
45409
42785
447850
45761
43169
450026
44065
42785
451722
44577
42817
448010
45441
43713
446314
44097
43009
457930
45569
43361
453322
45921
43489
431786
43265
43233
467115
45601
43457
451562
46209
43393
445834
45057
43233
458666
43681
42849
457450
43937
42497
451626
47009
43873
456874
45153
42849
464778
49441
51521
362824
47362
47649
412553
48385
47073
393097
53185
47585
383209
48769
46913
384008
48065
46753
410249
48961
47137
412489
49153
47713
424586
50049
47617
356264
50241
47361
403850
48833
47842
408682
50689
47553
405066
50209
47553
408266
49313
47073
407946
49857
47073
404362
47809
46849
410442
49249
47617
410410
49729
46049
410122
49089
46241
406058
49569
46593
406218
49953
47969
400906
49313
47713
403306
48865
46561
405546
49697
47105
410314
51681
45985
410570
49089
47361
412106
49345
48161
405514
51873
47937
411818
49377
47393
403242
52385
47521
410698
49313
46785
408778
49889
46945
409546
52833
46977
407498
49377
47169
407370
49665
46721
412714
52641
46593
408745
49377
46913
405289
52193
47297
410218
49345
46529
402281
49281
45889
410122
52289
47617
376329
51361
47105
406409
49729
46497
409578
52161
47777
415530
47713
46849
409001
49089
46369
408585
51809
47905
406505
50369
46817
409993
61985
36481
451179
44161
37025
482955
38913
37536
540589
50113
48129
393193
48705
47489
398761
52098
46881
395561
49889
47585
402217
49665
47745
406057
49218
47489
396201
48481
47553
414697
49185
47105
405033
49569
46593
393929
48162
46849
400713
49186
48289
405353
51746
46209
411369
51810
46721
410985
52578
47297
405065
48449
46977
416361
48930
46177
409353
49186
48097
408937
49697
47394
398057
51105
47681
407017
50273
47906
399497
49921
47394
405161
49409
47074
399689
49954
48193
402665
52705
46945
373480
52193
47330
400489
51713
47554
401545
49218
46273
416201
49985
46721
406537
48225
46305
415017
49313
46817
404169
49921
46401
412361
48993
46593
412105
49505
46594
409641
49153
46977
405802
49889
46113
348872
49601
48833
406282
48801
48641
403274
48737
47553
402410
48769
46978
408105
48129
46914
410505
50209
47137
410026
50241
46945
393290
48929
47297
403082
51201
46593
395594
52513
47009
403242
51777
47265
403338
49185
47873
411594
49057
47041
404522
48545
47169
390857
50785
47265
406026
49185
46529
413610
49857
46145
455051
50145
46625
308199
52097
46465
348200
52257
46945
396585
49377
47393
408010
52321
47585
358664
47777
47969
399369
49409
46721
397641
52321
46593
405930
51521
46753
394665
49377
47009
402602
49345
47649
417130
49793
47297
403497
52321
47585
370281
48033
47457
407849
49249
47649
398985
51713
47777
404233
49089
47073
409225
49025
47681
411657
50465
53537
394313
49537
47649
405001
51458
48545
390921
50689
47393
403017
49633
48033
404809
48577
48033
403593
48097
47201
420074
52897
47393
357672
48065
46305
413834
48801
47041
396297
48833
46753
403785
49986
46913
419402
34656
24993
470378
26016
24096
677775
49793
47137
406505
51073
46593
324647
51265
46881
335079
50145
45857
398281
50689
47265
332359
50209
47841
329447
49953
47137
336295
50305
46690
404585
50561
47649
389513
51137
48033
335015
50210
47586
356488
50369
46785
335047
48449
48353
405097
50913
47393
399689
50113
47458
361352
49505
47873
344743
48993
46881
365897
51521
47329
324999
48449
47137
378345
50017
47393
318695
49281
47201
376649
49889
48545
325895
49250
48129
377609
50849
47425
320711
49346
47905
378985
50881
47233
329991
49025
47361
410442
51777
47105
346152
49825
46625
391913
51745
46817
405354
50561
47073
349064
52481
48289
407850
49697
47233
402730
49313
46273
411722
50242
47585
323016
48929
46689
383369
49058
47233
328392
49537
46369
380073
49761
48354
324456
49025
47137
380649
50018
46626
327624
49153
47841
409066
49825
47745
324456
49473
48353
383913
50753
47969
315528
49953
47489
403882
50273
47425
380169
50497
46721
414026
50433
47041
358824
50338
46689
340968
50753
46753
347720
50977
47329
405130
48961
46465
411178
52801
48033
340136
50242
47617
393513
51649
48961
328392
48769
47777
412713
51937
48609
334760
49025
46657
408041
50881
48033
321032
47521
47617
424490
49922
48449
400361
50017
48353
309831
48801
46369
409641
49537
47393
404809
49889
49089
321512
49921
47137
410345
49857
48321
386057
51393
47649
313575
50273
46977
396265
49761
48834
403081
49762
46977
362280
50369
46977
339880
51042
46689
295655
51553
46466
390889
49409
47009
376264
50049
47841
334631
51521
47969
367976
49985
47809
344904
49217
47425
398217
50465
47617
329927
48705
46658
395689
52353
47041
332583
49730
47393
357736
50145
48225
348744
50722
47010
353928
52289
48097
353288
49154
48194
360872
48673
47681
337319
49793
46721
397513
49441
47489
344616
50017
46145
404138
50305
46465
362953
49505
46753
368425
49825
47073
326215
49889
47233
379081
50561
47297
323751
51649
47233
407466
50337
46593
355048
50721
46913
401386
50049
46273
357288
52161
47201
400618
50433
47073
384265
52097
45410
404585
48961
46849
380297
53889
47489
340424
49601
47489
394313
50145
47265
348616
49889
46881
411242
50145
46689
285990
124163
48865
291015
49121
47713
403530
50593
47841
396041
50465
47777
331592
49953
47617
366505
50209
47169
342280
49601
48737
387593
50369
47553
391177
50081
47649
396457
53345
47873
342632
50081
46977
364137
52322
48034
339752
50209
47041
362056
49345
47137
348776
51073
47969
362632
51937
48577
338280
50209
47137
389257
50273
47489
399849
50177
46977
353288
48673
47905
402185
50497
48161
398473
49057
47905
389449
50401
47169
406057
49825
47265
361512
52674
47969
338088
48769
47777
399081
51201
47329
419466
51233
46401
343912
51042
47073
388713
48865
46785
408810
49377
47553
409641
49505
46945
361768
53761
48097
343656
50497
46529
350760
52385
47553
402185
49473
48193
364200
52705
46977
338888
50529
47201
353032
48545
47457
405481
48577
46561
373544
50689
46753
356936
49249
47490
346024
51457
47713
359752
50209
47457
395337
49921
48257
358856
52001
48097
404937
50625
46913
392521
52641
47873
328103
50978
47906
356488
52993
47393
332039
48641
47393
377416
52737
47617
338151
50209
47937
388489
47041
46625
425897
50370
46817
357576
50753
47138
403849
50017
46945
395177
50209
47105
341767
53953
47521
297703
48513
46561
369096
50049
46369
340584
47874
46465
412425
50369
46849
347048
50465
46497
391337
51105
47585
345608
49729
46785
396457
50049
46817
412234
50561
47649
348424
50241
46497
406186
51169
48193
335175
48769
47617
418410
50721
47681
337064
50465
47265
366153
49761
47937
342056
49633
48385
394281
52865
48641
334824
50593
46497
359625
51745
46625
344840
50241
47041
355464
48769
48225
397578
50977
46561
347080
49537
47009
392137
50785
47521
344936
49057
46913
406826
50049
47393
344328
49441
47425
372937
49378
47714
342056
50081
47553
364265
49953
47873
334664
50721
47329
360520
51041
46977
324808
50913
48577
364041
49441
46305
394281
50945
47617
376105
51041
34849
376072
37985
34913
508171
37697
34273
496555
43713
37153
458282
38977
37505
508492
37921
34305
491371
36321
34561
492043
37921
34657
547373
36321
33793
551469
36545
41728
477899
36321
34625
549709
36033
34721
550925
36225
34657
511500
34817
40193
508683
35392
32256
577165
35425
32705
554317
35233
31936
544589
32545
30177
551340
32705
30177
558541
31328
29921
591821
32737
30113
572174
32129
30177
564557
38209
36449
466922
36001
34529
536845
35617
34849
551469
41537
37121
462891
38689
36448
491660
39489
36737
477419
38881
36480
496876
41025
36961
471179
39489
37056
497836
38369
37025
476651
40001
37089
495403
45953
42945
377993
44289
44065
468395
45217
43169
442538
46337
43009
396201
50913
51233
360680
49377
47617
415433
50786
47490
355560
49153
47169
340295
50593
47649
350952
49985
45889
356264
49025
47137
395049
49025
48577
336488
50561
47009
358440
50465
47041
339848
50401
47521
353864
49953
47393
345064
51041
47713
360937
49665
46497
337704
49505
47777
364937
49825
48033
348360
49089
47105
353992
52033
47905
333480
50561
46433
391913
49185
47169
349576
51521
46689
355305
51009
46689
341128
50785
47841
395850
50305
47521
346952
50465
47713
357897
49282
47361
334728
51201
46977
354281
50721
47009
354280
51265
46049
350632
50305
47361
348168
50657
47233
362985
49986
48194
336904
49409
48321
361160
50466
47809
340488
49505
47041
352264
50113
47777
337384
48289
47809
368521
49538
47393
334088
49665
47201
365897
51553
46689
320904
50913
47489
344744
50209
47905
402665
50306
48321
343848
50849
47201
363784
50209
46178
340232
50881
46561
358280
50338
47041
346920
50657
47489
363624
51041
47937
336648
51105
47233
360776
50881
48257
337480
49697
47169
365192
49953
47073
330824
51297
47873
360168
50817
47265
338440
49569
48961
397065
53601
47457
335624
49761
47425
360456
50785
47970
342568
50210
47425
398953
53153
48385
331559
49986
48417
397033
49153
47233
343720
50625
47841
354568
50049
49089
334951
50433
46593
362472
50785
47777
343080
51329
47425
393193
51137
47169
394889
49729
46817
343624
50114
47809
353288
48961
46977
350216
49602
46881
354728
49857
47105
341928
50337
48129
392745
49217
47009
335752
49889
47937
393961
50465
47617
344840
49825
48001
397737
49793
47649
333895
49665
48449
339175
50722
47234
363784
48513
46849
341959
50593
47169
360584
50881
46657
344999
49442
46913
364232
50913
47649
344615
50753
48449
356777
49729
47233
342088
50753
47297
390409
49601
47329
344808
49538
46977
368392
53377
48225
331560
50689
47585
356520
51265
47489
340615
47713
47393
416106
50529
46881
342568
50113
47905
357929
50017
47745
339272
51073
47393
356169
51009
47713
347848
50977
47073
358728
50242
48290
316999
49665
46946
378409
50338
48066
331976
49953
47521
358857
50785
47361
336231
48674
46785
381065
50529
46881
342216
49313
47361
368553
52161
47265
346024
49953
46913
397673
52769
48225
338312
49889
47329
362921
51266
47105
335752
49473
47073
407338
50242
47937
322376
49025
47265
369961
50498
46401
336936
49089
47937
364968
50050
48386
341736
50113
47297
394953
50529
47553
323496
49217
48289
395081
50529
46849
334056
48993
46721
399081
52930
47329
337288
49890
46241
390825
50882
46305
341320
49377
47521
405257
51169
47137
332648
51041
47041
400937
53185
47553
337800
51105
47073
354280
50689
47809
333992
47873
46753
418505
50241
47809
323912
49889
47297
380521
50241
47425
321895
49825
46977
375208
50401
47297
338472
50721
48225
356008
49825
47105
332679
49794
47970
391337
48801
47169
341000
51457
48033
360392
50689
47489
334728
49954
47714
399049
51009
49217
336840
49346
47489
401225
50401
46881
343624
50145
47393
374600
49313
47489
339015
51042
48066
355688
51297
47553
343432
49506
47393
366952
51457
47649
319271
49249
47585
377032
51073
47297
335239
50785
47297
360520
50913
46433
321831
49345
47937
373608
50049
47777
337543
50402
46818
363400
50657
46913
337543
50434
47522
357768
50369
47617
341607
49153
47906
405065
50017
47777
347688
51553
47297
356616
49633
48097
345192
50433
47265
366217
51361
48225
332168
49537
47617
398665
50113
46913
350664
49857
46945
399146
49953
47137
343240
50593
47297
361353
49217
46177
320551
48545
46625
385129
50913
46945
330503
50562
46849
372168
51009
47393
327431
48833
47841
376265
51649
46849
329416
50689
46945
363081
49889
46529
336296
50049
47201
398025
50753
46913
342312
50145
47297
363785
49761
46689
341928
50849
47617
360745
50562
48897
338280
50113
47841
395561
49857
47425
341000
48673
47233
367337
49281
47617
331016
49378
48033
334280
50561
47361
359369
51169
47937
346824
49057
47585
408522
51042
48226
321832
49601
47746
372297
51937
48257
352200
50881
47393
356456
50402
47970
337512
51393
47521
357000
49793
47713
326696
48833
47073
376329
51553
47425
332840
50018
47233
346088
50433
47297
337672
51297
47777
353992
50082
46305
345544
49889
47585
357512
48993
46913
350760
50849
47585
390409
50658
47329
342504
50081
47777
394025
52450
46882
333288
48705
47201
406409
48898
47521
348552
49505
47201
359688
49889
46817
336040
48417
46849
403785
49825
47489
341288
49218
46433
400297
50689
47393
341192
50370
47841
389641
50689
47361
345672
49890
48097
396905
52897
48001
339528
49217
47201
395497
49697
47425
333896
50241
46753
399049
53441
48385
339656
49890
47201
395273
49441
47458
345416
50433
47937
357960
53313
46465
347272
51073
47937
358056
50785
47809
333927
50017
47073
359688
51457
47297
423626
58561
50497
154820
51521
49313
334920
48482
48193
392329
50497
47937
362345
49697
47841
326983
48641
46849
369384
49890
47905
396745
48321
46753
438410
51393
47265
369768
49761
47297
349768
48097
47714
391817
50625
47073
361225
51873
48769
365032
50209
48737
360649
54785
48385
255142
50145
47169
426602
52641
47809
291142
51457
47713
352520
49441
46593
342376
50977
47073
406345
50849
49025
318759
51041
48097
415434
51329
48641
311303
48802
46465
423178
50849
47713
351624
51329
46721
330696
49857
47777
329799
49057
47585
411562
49953
47457
395849
50498
48513
316776
50785
47393
317575
51041
47202
411562
50049
46753
331304
49441
47809
378056
50081
48129
404553
49665
47777
477483
50881
47457
252166
50529
47713
390537
51009
47105
350408
50049
47457
416970
50753
47585
305799
48833
47713
397833
50593
48193
403530
51618
47329
343720
50561
46785
319016
49410
47521
375081
49473
46881
389161
50210
46785
377321
49313
47265
361384
48513
47297
397865
49025
47329
405257
49921
47105
429802
50081
46658
381225
50562
47585
339752
50657
47233
331880
49666
48130
336136
50721
47906
365961
49537
46497
420298
49345
46689
398537
48641
47106
381225
49537
47233
357544
47905
46561
395658
49825
47873
404298
50530
47585
345896
50593
47841
303847
49858
47329
378793
48481
46721
407786
49538
46978
400041
50721
45377
337064
50049
47457
361801
50145
46273
420266
50721
47041
315527
47681
47489
402474
49121
46465
414602
48769
45825
395785
49121
47521
428009
51906
47553
286599
50913
47425
688976
58593
50753
68673
48865
285319
52193
48833
329479
50689
47554
387241
51969
46849
333704
52610
47617
335848
48577
47105
405546
50145
47201
379337
48289
48641
413034
49185
47297
419466
51937
45793
342120
49857
47297
406153
50913
47457
330184
50977
46753
412809
51329
47041
333928
52705
47201
332968
49697
47297
406249
50273
46625
337160
52833
47233
339464
48514
47009
405033
50369
46401
338920
50913
46849
348904
50241
46849
339335
51297
47233
329767
50689
48033
330631
50241
47810
351400
52705
46881
333576
52289
47137
346952
52417
55521
175428
50977
46753
335880
50561
46913
344712
67713
47873
173668
50305
47553
332039
50433
48577
387177
106914
49377
235621
50209
48321
397993
50913
48449
332616
52353
48897
352328
51074
47618
315015
50657
47585
332551
51137
48801
340520
50081
47617
349416
50369
46497
379977
50561
46593
337544
51009
47489
355816
49697
47553
392969
51009
47649
335431
50369
47169
341991
50145
47713
341159
49441
47361
344552
50049
48449
400873
49665
48001
345640
50433
47009
337031
49505
47393
407914
51297
47457
329991
50593
47905
334759
50337
48097
335463
49089
48290
403977
50145
46817
338119
49601
47425
377192
51329
48225
339272
50369
47937
331911
50305
48161
393257
49793
47201
342471
50017
47553
408042
51649
47649
331687
48193
47489
407530
48129
46882
411401
51073
47457
338663
49985
47617
397193
51489
46913
334951
50146
48161
367240
49729
47809
343559
49441
48289
426282
51585
47521
302406
49633
48257
399881
50465
48897
338119
49409
47425
409002
48801
46913
329576
48449
47713
417226
50881
47649
334376
49569
47329
405514
48897
46625
338504
49281
47425
401321
50337
48033
337288
49057
46913
416490
49634
47585
330952
48929
46529
403882
49761
47841
335176
49025
47169
409354
49249
46881
351848
50338
47169
386313
48449
46401
404810
50849
46945
345192
48225
47201
404906
53346
47937
333032
49825
46273
406058
50817
48129
343400
48673
47521
393641
50049
46945
397642
39201
43457
437418
38273
36320
529228
49761
62178
366793
49697
47841
394761
49185
47873
410666
50306
47777
346472
47969
46657
406665
51874
48130
339752
48449
47553
410313
50882
48162
347528
48513
48129
401769
51234
48674
341064
50081
47265
411177
50081
47041
340072
48897
47905
411657
50081
48577
330120
48865
47137
419625
51457
48033
327976
47713
47233
407721
50242
47874
345704
48225
46593
414665
52033
48098
348200
47521
47233
406857
53217
47553
325800
51234
47554
348584
48449
48417
413801
52161
48193
328039
49921
47489
409481
50113
47297
385289
51329
48641
334184
49154
47873
404713
53473
47809
326087
49025
48097
406377
53377
49025
336840
48449
47649
411881
48866
47265
409481
50305
47201
343304
48417
46753
411145
53985
47521
323527
49249
47297
410345
52673
47329
321319
49665
47714
353032
47841
47393
411689
51681
47361
333831
49153
46625
407049
53249
47489
332039
49153
46945
401193
49026
46337
415401
51937
47809
327911
47426
47233
419178
52993
47905
323143
48833
48129
414249
52993
47553
324135
50945
47681
355624
48865
47586
410762
52769
47681
330599
48673
47713
402569
48897
47425
348872
48993
48033
416746
54113
48033
323495
50017
46242
408425
48417
47490
415978
52930
46849
323847
48641
47105
418922
52769
48065
318375
49985
45794
414121
49697
48513
399145
49505
47554
414282
53537
48353
323783
50113
48545
404265
49377
47457
400681
53057
48001
342856
50626
47201
373673
48545
47553
406570
53666
47713
329448
49665
47265
346792
49793
47393
406026
53537
47553
334376
49953
47361
349160
48129
47265
405578
50145
47681
345576
49313
47553
404810
52417
47137
336136
49249
47105
410890
51330
48194
324680
50402
47009
380841
52897
48001
332040
53857
47873
336936
53250
47874
328104
52065
46849
344072
49953
47873
403498
48001
47041
411754
53378
47265
336712
51489
47745
344488
48865
47425
403401
50882
47457
337896
49473
46881
413994
49793
47233
332456
50529
46497
375465
50625
47393
331880
55234
48290
200773
49249
47809
449867
55425
48737
254022
51905
47425
319911
51234
48289
328424
50370
47553
394121
50497
47489
352776
49569
48513
360296
51009
47201
353352
48321
47713
413161
50497
47041
357288
49601
47905
360680
49025
46881
405993
50338
47265
410217
49441
47010
354760
49121
46978
390953
50594
46689
399945
50017
47489
386057
47553
45793
413865
49089
46689
393161
47585
46145
416649
49025
47873
390441
48385
47905
404745
48642
47873
399273
47425
47425
398121
49953
48545
417641
49761
46817
360744
48545
47169
408457
49665
47681
389897
49697
48257
362920
49089
47553
388105
51297
47457
392681
48641
47009
394281
48737
46529
405449
50049
47713
362536
47649
47041
411177
50145
47393
366696
49697
47489
377961
49345
46721
357416
50594
47713
363368
48481
47489
398985
49185
47361
363016
50369
47425
346727
49666
47137
364616
48225
46882
404809
50529
46785
393225
48641
46657
397001
48897
48193
390537
49921
48417
360168
49281
47042
416330
50113
47137
361065
49442
47554
366953
50401
46465
393577
50305
45665
395433
50209
47169
385705
50241
47618
364040
49729
47297
398506
48801
48065
399562
50177
46722
372425
50913
47489
360809
49505
46881
358408
49249
48129
406634
49313
46785
354089
48897
46721
391465
51137
47457
403913
50114
47425
378185
49441
47777
361896
49729
47713
361225
47745
47265
397962
49665
46817
391017
50369
46977
365897
47809
47105
380393
49922
46593
374345
49825
47681
412553
51873
46785
348552
49377
46721
402857
49825
46529
368617
48417
47297
401417
50177
47041
363689
49089
47713
397065
49825
46209
367145
49761
48417
388233
48609
47745
402026
50817
46337
405162
50594
46434
330536
51201
47169
409513
49506
47713
389545
49857
46625
396425
49217
47137
401161
51329
47201
398281
48225
48225
408105
51425
47457
389033
48673
47009
404905
48225
46913
378889
49730
47713
391049
48897
47041
365481
50177
46401
363881
49313
46881
417226
49697
46721
359496
51617
46337
396617
49569
47585
400585
47905
46561
402505
49249
47906
391465
49505
48129
367304
48386
46433
400329
49025
47265
414633
48193
46977
406569
51042
46305
397673
49441
47201
406153
49217
46913
374760
51105
46689
354088
47970
47585
404073
50017
46337
369960
48770
47361
401577
49377
47169
369032
49218
47233
393097
51618
47489
396169
48258
46913
405769
51873
45601
387113
49058
46561
397289
48769
46881
375368
51170
46305
408425
50018
47905
356936
48801
47617
395561
48129
47777
406921
49793
48289
331367
49441
47553
368328
48897
46818
401257
48513
46753
406537
49921
47937
334727
51041
46849
381001
49057
47489
392041
49825
47169
396265
51202
47650
399049
50145
47425
364232
51105
48097
384105
50690
47041
403145
48929
46817
401417
50081
46754
399881
48833
46113
370184
49985
47521
368392
49921
47169
403113
47905
46145
366568
49601
46529
399849
49890
46657
361608
47905
46722
405545
47905
47297
365673
50657
48577
359369
49729
47809
327463
50401
46369
399849
49729
47809
399529
49377
47329
376168
50210
47522
363752
48833
47521
396425
49506
47841
365480
48513
47137
403945
50690
46561
366376
48865
47585
408010
49089
47105
367017
48705
47553
392809
48897
47554
371753
49025
48129
400202
48641
47297
396809
50049
47618
368745
49537
47234
365609
48001
47745
411626
48129
47682
367593
48769
47393
397865
52289
47873
398122
48674
47457
379593
50497
47681
354697
49377
47233
381705
49665
47809
401162
48513
46593
410762
49249
47073
364329
50081
47137
363785
50082
47650
335272
51745
47041
387753
48929
47713
396297
49857
47425
370281
49601
47905
372809
48801
47553
402697
49217
46401
354376
49441
46849
360073
49953
46401
365769
50145
47457
398729
49633
47297
367881
52385
47393
384169
50306
46625
386665
49761
47617
362921
49505
46753
396393
49249
47009
368617
49633
46785
402057
49249
47585
408937
52033
47201
354600
49729
47361
359304
49601
47937
402345
49633
47521
370249
49121
47937
402377
49761
47585
362824
49346
46881
362761
47713
47841
411401
48993
47457
357704
49857
47041
403753
48033
46913
401737
49186
46945
404233
49921
46849
353704
49346
46785
400617
49473
47873
359624
48802
46977
408649
49377
47041
364264
49058
48065
400617
49153
47041
365032
49025
47297
390793
48545
46849
360264
47777
47425
402153
48257
46625
371464
49090
47809
410025
49218
46913
354984
50113
46657
364360
49793
47362
392521
49953
46721
373096
48002
47169
407881
50049
46817
370216
47746
46817
407753
50337
46433
367432
50657
47969
365608
49057
46081
407753
49697
46657
361352
49954
46625
427338
51265
46689
323911
50497
47041
365960
47713
48034
403113
51009
46721
365448
47906
47361
413705
51554
48577
359720
49409
46849
396521
48545
46849
368392
48961
48194
398249
48865
47457
374056
48609
46881
406569
48993
46849
367208
48673
47458
408169
47874
46753
370824
48865
46273
405482
50369
46913
351304
49057
48065
405898
49185
47169
361384
49345
47361
397482
49409
47874
368489
48737
47905
401194
48898
47201
371912
47521
46945
403561
48033
47874
367817
48897
47138
364937
49185
46241
370249
49121
47169
365065
50305
46497
360809
48545
46977
403274
49505
47266
370345
48513
47521
403594
48993
47266
372361
49633
48161
359113
49921
48673
355497
49185
46978
366185
48321
47425
416426
50625
47265
355273
48577
46977
398537
49217
47489
362857
48897
48194
373961
49825
46849
357417
48769
48001
408106
49537
46401
360201
50753
47489
410826
49217
46977
361513
49185
47937
400010
47841
46305
381993
49089
47073
399913
48769
47233
365353
50465
47361
395049
47969
46945
405193
49217
47009
373001
49505
46977
397705
48705
45825
369833
48897
47297
400073
49633
47361
365481
49313
46881
400169
48289
46785
373705
48353
47777
390601
48449
47009
375881
47105
46626
427754
49921
46977
350952
47713
47105
402025
49985
46817
367881
48353
47681
402857
48769
47137
370473
48865
46657
407593
50465
46721
357576
47553
46977
405705
48993
47713
398185
48354
47489
392905
48065
46689
434858
52641
48353
320999
48993
47489
360840
48962
47105
403849
49857
47873
355400
48161
47745
401801
49377
47649
359816
49985
47617
404489
49889
47521
374185
48802
46881
407241
50209
47777
357896
52225
47073
398921
50401
48193
418793
50209
47425
343656
48194
46497
418697
52097
48129
343784
50433
48481
364808
48353
46530
402249
49089
47009
365992
48577
47329
395337
49985
46625
362664
48321
47681
398185
49921
48257
361672
50594
46657
403753
47714
47521
398153
49729
47009
402889
49345
47393
361960
50145
47457
336232
49281
47713
364808
48993
47745
402345
49281
48289
346088
49025
48034
402377
49506
46881
357192
48961
47649
397129
50178
47681
358024
48545
46817
400649
49826
47617
401545
47809
47041
411145
48993
46530
361480
49089
47265
400521
51297
47937
371528
49025
47521
398313
51170
46978
355880
51745
47745
388873
49249
46849
424138
59809
51329
247749
60482
51169
196420
52353
49090
358216
53889
48449
362344
51841
47713
324615
53345
48385
393001
50753
48321
336455
52577
47393
399305
50465
47521
337128
52225
48001
396073
49729
48225
371880
55681
49889
282470
54721
49122
227589
49857
47873
390569
49665
48097
392618
49185
47778
353992
49089
47841
378185
48609
48385
353032
48769
48034
414794
117795
47969
209701
50657
47297
369032
49345
47873
361704
48801
53761
329000
48353
47393
381065
49953
47713
377033
63810
47265
321224
48257
46913
407082
47361
47649
399529
49249
47426
429226
49442
46881
333384
48865
47297
389864
48641
46913
399721
52001
48321
405322
49857
48129
398058
50209
47970
374953
49346
56097
282054
50209
47329
338792
49089
46849
363433
103587
46497
326760
49473
47617
344072
48353
49057
394313
48993
47489
372297
49090
47777
387433
50017
48129
349736
47841
47169
413418
50177
46497
385961
48801
47649
404298
49729
47681
401737
48705
47073
392873
67489
48929
216229
48770
47745
376297
50433
48033
378537
49314
47554
342856
48577
46977
375561
47841
47457
411753
50113
48065
356872
48577
46881
394185
65858
46113
286663
48801
47297
400329
59426
48193
276262
60897
51329
193444
53345
48513
299879
51010
48066
389673
50722
48034
347304
50945
48001
354536
48225
46945
406825
49025
46817
378889
49218
48097
400873
50689
47905
362344
49633
48129
371497
48481
47297
408553
48865
47169
396457
49793
48161
358440
49761
47201
338984
50561
47265
332168
48353
48257
405129
49250
47265
403113
48193
48066
395433
50209
48417
381289
48929
47457
407785
48161
47649
412969
50081
48033
371624
48609
47873
408809
49186
47777
414601
50241
48353
334247
49473
48993
335431
48865
48353
389225
47841
47425
403721
48449
46369
417769
50561
47105
346952
48801
47457
397001
48641
47105
401865
49090
47809
404905
48994
47809
407241
49314
47457
413833
49217
46977
416650
50561
47681
324551
47553
46433
405161
49537
46849
330599
48353
48001
429098
50753
47745
307463
49825
47905
362024
48961
47777
366536
49985
47265
340135
48833
47905
415114
51073
47393
324359
48417
47009
405513
48705
47617
417097
49538
47649
364744
47553
46689
419178
49665
48257
330567
48321
46945
419242
50017
47905
334440
51169
47233
330343
47137
46401
421418
49217
47841
339496
48065
47297
411498
48065
47937
397385
49665
46977
330568
48994
46177
382793
49313
46753
345960
49729
46721
333192
48065
46977
410090
49345
46913
335527
47681
46497
401834
50753
47841
332680
47425
47426
419402
49313
47393
336200
48417
47106
410698
48545
48001
405034
48897
46690
420586
48289
47617
393737
47905
47778
419594
49601
46913
342280
48641
46753
403978
49313
47009
408938
50145
48129
339560
50593
46913
368489
49282
46145
331144
48961
47297
426058
50337
47713
354184
49793
47489
349864
48513
48033
414602
50274
47362
338952
49569
48257
360745
48097
49057
410410
48577
47297
378633
49602
46593
335496
48162
47265
398441
49793
47073
340136
49025
48449
373193
47873
47233
409642
48225
47201
401769
48674
47777
382025
48609
47041
408682
48385
48417
408937
50081
47489
328488
48449
46977
408841
48577
47041
372168
48961
47329
338216
49089
47073
373769
49249
47329
412169
50273
47265
337736
48833
46305
337384
49505
46753
359208
49153
47105
358888
48513
47137
413097
48993
46817
341064
47905
47201
394185
48673
47553
418089
48193
47009
394761
48993
46785
338856
50017
47617
331752
48737
47617
400393
47585
46049
389065
49409
47457
333064
48098
47329
410377
50337
47265
347336
50881
47457
323527
49825
47329
342024
47266
47361
403721
48193
46881
404329
48545
47714
391945
46722
46593
426665
51265
47873
324135
48290
47041
414089
49921
47361
333447
50017
47041
339431
50401
48322
357832
50017
47713
339879
49025
46881
383689
48961
46945
403337
49154
47137
360968
48065
46849
418922
49601
47617
327687
47489
47873
381897
49153
46209
408873
50305
47969
331367
50274
48481
359464
48513
48321
372392
48641
47874
398249
47330
46913
414089
49409
46945
329863
49441
46754
410249
51105
48193
332423
48673
46689
400426
49377
47137
339720
50081
46881
327944
48257
47425
385897
50913
47169
334311
49025
48226
407401
48673
46978
422762
50561
47169
317767
48897
46785
405001
48321
46849
409257
48801
47233
410633
47617
47201
399913
48257
46370
409353
49025
46465
414890
50913
47553
337032
49505
47425
339528
49665
47489
340872
47521
47585
400650
48673
46497
435530
51169
47457
346920
49666
47201
336712
49793
47105
365513
48801
47329
395305
49313
47746
380681
50114
47777
338664
50273
47457
343880
50946
47202
335496
49441
48354
371209
50113
47137
344232
49058
47393
379337
48161
47265
410858
50561
47681
324616
48129
47329
407370
49986
47393
335432
48289
47201
420266
49153
46658
339912
49761
46913
337480
49537
47906
336552
49441
47297
336360
49921
47330
338728
48417
48193
402697
49569
46913
389481
49345
47362
344808
49345
47361
381001
48289
47649
402985
48897
47521
401897
48673
47041
414922
49633
47553
334984
50305
48897
333672
49057
46881
399465
49089
47841
414282
49793
47521
334920
48961
48001
379273
46945
47265
419466
50689
47585
336008
48993
47745
402889
49441
47361
412745
49025
47873
382409
48641
48097
399721
48833
46273
407689
48001
47809
411593
47649
46849
420650
49313
47137
342312
49185
46945
328391
50113
46977
337288
48321
47041
385769
49153
47681
419657
49473
47073
328295
51009
47105
334248
49057
47137
376072
51105
47105
334120
48961
47041
419145
50017
48129
338856
49121
46465
339944
50657
47553
332039
47777
48417
410473
50241
47713
337767
48641
47393
376296
50945
46881
346408
49633
47457
326599
50049
47329
346408
49793
47553
336743
48417
47585
409449
49601
47425
338407
50753
47393
337704
48578
47873
406729
49153
46881
377576
49025
47553
368424
48193
45793
392297
48609
46305
390793
46977
47105
427177
49377
47393
330631
48961
47137
372616
50049
47393
331815
48705
47649
410473
47265
47137
424490
51265
47105
336551
50081
48065
338919
48513
46850
405897
49409
47521
411465
48609
46242
402121
49633
46625
408649
49666
45953
417033
48866
46753
414345
49697
46369
347368
48417
47553
414633
50049
48321
376552
47553
47233
412041
49057
47490
412458
49377
48097
403273
48705
46465
399562
49793
46785
336712
49314
47233
381129
50977
48129
325063
48129
46978
418058
50337
47041
339464
49121
47777
333351
48833
47425
407626
49441
47905
345256
49569
46433
335016
49057
47201
355464
48193
46977
409930
49185
46977
367465
48673
47777
372584
48641
46465
404841
47585
46497
419498
47137
46689
417706
48801
47809
409674
49089
47649
335048
47873
48001
415306
50337
47329
333032
48673
47137
405258
49697
48321
335720
49250
47169
378345
47969
47777
413898
47937
47297
373289
50113
46785
322536
49569
46881
410954
48033
47969
383305
47617
46497
406730
48385
47586
410090
48801
47425
412298
48545
47585
390601
48289
47009
420458
49633
47233
326984
49570
47169
332648
48993
46977
403242
48769
46849
417322
49986
47521
333384
48833
47649
406378
48225
47713
410378
49154
47426
339048
48257
46690
376169
48737
47649
411146
47938
47553
389161
47809
46721
399146
48865
47169
406826
49025
47713
408810
48097
47009
408362
48481
46593
403402
49025
47361
401738
48385
47553
397161
48929
47649
393161
48833
47969
364649
48385
47425
413481
49889
47201
330664
48001
47041
414153
50177
47201
339080
48929
46945
372969
48321
46529
417034
49313
47425
378889
50657
55714
283399
49281
47233
396297
47809
47649
401641
49633
47457
414121
49601
47713
328712
50145
46913
332168
48353
48065
407337
50817
47809
335272
49345
47457
331944
49697
46337
334728
49025
47425
406505
49281
47553
367848
49249
47137
339176
48385
47521
401513
49057
46849
413161
48705
47393
382217
48257
47361
401513
48321
47329
423049
49953
46881
337192
49314
47105
405161
48129
46849
383113
49377
47073
326664
47329
46625
420842
49665
47329
340712
49825
47265
339624
50049
47521
339048
48385
47201
391305
51297
47617
331879
49857
46785
325863
48130
46817
409385
48353
46465
374408
48321
47393
400713
47169
47585
418921
49953
48577
336711
49729
47265
333959
50369
47169
407689
49057
46913
375944
49025
46945
379176
48385
47969
364840
49122
46881
413513
49601
47489
348744
50561
47713
336264
49250
48289
406377
50209
47649
332935
50465
47873
326375
47906
47137
416393
47553
47073
388681
50049
46913
334535
47585
45985
407849
49281
46817
413929
50433
47009
339688
50113
46529
329991
47265
46465
412553
48097
46945
403241
49057
47841
344679
49537
47265
341927
48961
47074
395433
48386
46401
409737
48546
47329
409513
48225
47393
419561
51393
47809
334119
49666
47809
366120
49825
47041
338951
48929
46721
407817
49121
46785
407754
49793
46689
341192
48801
47361
335463
49665
46529
394985
48673
47617
415658
49601
46913
339496
51745
47521
342535
49601
47489
394569
48769
46561
408521
49121
47393
404970
48673
46785
338472
49057
47073
334887
48705
47138
412234
49313
48225
330983
48065
48001
401161
50017
47425
408426
50082
47873
327720
49441
47809
345512
49473
47586
365128
49121
47521
394890
48833
47713
401674
48801
47361
384169
49025
47041
396265
50305
47425
332936
48897
47425
408394
49409
46177
343400
48834
46273
337224
50625
46561
360553
48449
46913
399370
48481
47393
405770
48065
46689
404266
49953
47553
405578
49697
47329
367049
50498
47585
330792
48481
46561
410442
48353
47714
420842
49633
48001
396457
48002
46721
378761
47713
46497
412682
49121
47425
409770
49057
47521
335496
49217
46945
403018
47873
46913
411082
49633
47329
371337
49121
47105
400234
47969
47329
400169
50721
47393
327464
49089
47489
407017
49570
47810
327656
47489
46401
408106
48193
46817
410186
47425
46593
413674
48545
47585
394889
50306
46786
329608
49729
46593
398249
48609
46401
416298
50081
46625
365225
48673
46145
403785
48321
46625
381225
49249
47553
335016
48193
47553
395529
46657
46113
426858
49889
47041
334824
49634
47073
340456
48065
47457
409353
48321
46145
367913
47809
47297
374153
49697
46561
350472
49793
47809
363112
48641
46849
367625
48001
47201
408713
50145
46913
379177
47809
46785
418794
49441
47169
366632
50113
46881
339336
48481
46049
406761
48353
46945
390281
48097
46849
408425
48257
46785
408265
48513
46849
407913
48929
47041
407081
49281
47297
337288
49122
46369
405225
49249
48129
358856
49089
47841
366536
48193
47361
388265
48289
48001
410090
47745
47649
423210
50529
46689
332488
49089
48065
404361
49186
47713
403113
49921
47617
342344
49633
46849
336744
48994
48545
396329
47233
47681
413609
50529
47713
342472
48194
48257
406025
47873
47521
335047
48449
47553
336968
47458
47361
407529
48801
47425
370760
48833
47809
365992
48545
47713
407593
49089
47137
406185
49761
48289
325383
49601
47777
402217
48545
46849
405353
48545
47137
405481
50209
47329
339495
49249
47329
342536
47905
47201
421258
50593
47809
333703
49377
47905
331495
49185
46721
401513
48993
47713
406985
49985
47585
404201
48993
47137
372616
49921
47425
337447
49409
47073
335111
49793
47265
408681
49377
46945
339879
50145
46785
375464
48897
47393
340263
49313
47457
607950
59298
50049
52257
48001
475403
50721
48386
358472
50433
46881
411882
50177
47105
381448
49889
47681
407337
50209
47265
405481
49985
47169
406474
50082
47457
366760
50401
47618
403401
53985
47169
414154
50433
47489
358088
54785
47489
399786
49281
46017
341544
49505
46465
334376
50401
47457
347208
50849
47745
327592
47649
47010
417290
49089
46081
398410
48866
46337
386121
49505
46945
410474
49633
46497
335720
49153
47137
410570
50434
47361
336776
49665
46337
358281
48513
46689
409386
50177
47617
327559
49601
47329
402761
49985
46721
403081
49793
46657
406122
49761
47745
341672
50433
47489
358825
47841
48098
423786
50434
47521
337736
48833
47361
399690
48417
46529
427946
50050
46241
338664
50369
47585
362921
49857
47105
406570
48737
46529
402826
48865
46529
420266
50465
46721
352712
48737
47553
413226
48833
46945
396969
49505
47073
417706
50337
47105
361705
49665
47169
408202
50434
47265
329928
49505
47137
400586
49025
47137
403818
48065
47265
419562
49601
48257
332744
49601
46625
364552
49921
47394
340744
50753
47681
326312
47713
47233
427434
50273
46945
325256
48769
48161
405929
53537
46433
407273
50241
47426
380809
48897
47649
406346
49217
48353
420010
49185
47905
332136
49025
47841
376393
50209
47585
356744
49538
46945
346504
48993
46433
370249
49441
47457
364040
49793
47361
358792
51585
48065
357800
49377
47617
402121
47841
47521
420618
50721
47841
328328
49793
47969
354408
48641
47393
397737
48993
47425
411657
50785
47553
353288
48929
47489
401481
50241
48097
395401
49505
47201
416809
50849
46753
331239
49953
47553
383913
50081
47681
363240
49409
47361
416490
49345
47137
378249
49153
47745
400329
48449
47745
403593
48033
47105
431946
49441
45953
339720
49057
46849
379785
49825
46881
385673
48897
47585
408873
49889
47297
406985
49505
47265
405161
48257
46753
422185
49601
48033
344712
49025
47073
338407
49761
47329
326375
50241
47009
359752
48482
46529
403721
50913
48098
388425
48769
46753
412969
50785
48289
341288
49089
47713
365864
50338
47137
395017
50146
47649
404969
49186
46497
415177
48513
47009
394249
49505
45953
433162
50433
45761
403561
49345
47233
336935
49698
46465
361224
50274
46753
357960
49377
47233
389385
48770
47745
411241
48417
47298
405929
49697
47778
350504
48897
46017
387721
48129
47073
416745
48129
47041
405161
48001
46945
406665
48578
47201
410057
48033
47809
406857
49025
46689
403177
48481
46785
409833
46753
46561
389864
49153
47073
361096
49281
46945
340680
50273
46881
325031
48289
46529
421321
49378
47585
372040
48641
47778
405097
49537
46977
406153
49825
46977
407657
48098
47745
411977
48257
47521
408905
48994
46849
417193
49633
47137
363400
49441
46977
410185
49537
46561
335463
50018
46498
360200
48641
47489
405865
48545
46433
411977
49217
47297
422954
50049
47489
315368
50914
47137
324583
48705
47906
413386
50017
46561
330919
49153
47009
404745
48577
46818
411625
48961
47586
408265
47553
46625
425162
50689
47297
351336
49409
47073
338439
48609
47041
409769
49761
46017
412778
50177
47137
357320
47553
47393
419306
49729
46818
405065
48833
47041
421738
50178
46369
370633
48609
47202
417386
48289
46881
400234
49601
48353
411050
50145
46465
407722
49250
46785
337704
48961
46433
401866
48801
47425
392553
49537
47777
399177
49953
46337
369225
50465
46241
400650
49858
46658
369193
50529
47169
393001
49729
47905
398602
48545
47169
416714
49154
46977
342728
49953
47297
349736
48897
46433
415114
50497
47297
334600
50306
46978
343368
50017
46209
364041
48769
46945
404682
47585
47362
427402
50113
47809
330152
49793
47937
359304
48385
47329
400681
47969
46369
413962
49057
47425
413033
50049
47713
330888
50018
47778
340328
49345
46465
334152
48993
47169
365064
49729
47841
389897
48513
47073
397737
48129
47425
417386
49537
47649
337416
49313
47041
397161
49665
47745
400233
47521
46305
413321
49793
47329
373545
49217
47201
344552
49281
47649
347816
49889
47489
401545
48545
47169
399721
50209
47105
407049
48321
46945
405385
47681
46753
405129
48833
47713
423530
49986
47073
392265
49313
46913
402761
49985
46849
413705
50049
48513
375721
49025
47905
408105
48417
46913
423466
50658
47073
404105
50273
47457
341960
49921
47105
336744
51362
48033
352840
49057
47969
366152
48961
47425
397001
48321
46433
422122
48449
46593
363848
50465
47137
333927
50881
47553
342408
48865
46529
375977
48641
46945
425834
49793
47521
326984
48577
47170
390537
49153
47009
419721
48321
47425
386473
49249
46561
410825
48865
47265
413801
49857
47681
407273
50625
47777
374152
49602
46817
405577
49026
46401
407881
48833
47649
384649
49505
46786
357992
48193
47361
336968
48481
47905
396681
48834
47937
418505
48897
47265
377801
49314
47777
407817
49762
46561
370824
50337
46977
326439
48641
47297
409257
49602
47297
404489
48449
46625
409385
49025
46753
408426
49441
46049
339111
47873
47585
385961
47937
46657
410633
48897
47393
414793
49537
47329
402025
49889
47297
332071
49857
47489
363529
48993
47457
347848
47777
47137
384265
50113
47809
326087
49889
46850
404553
48833
47361
411977
50081
48289
354536
48417
46946
403017
48161
47073
390121
51105
46817
330215
50529
47458
407913
48706
47361
363688
48609
47521
411145
49921
48129
373416
49569
47489
414570
48801
48193
335560
49025
48225
343816
49057
47393
332680
50017
46497
336904
49313
47617
336040
49345
47105
340040
50625
46913
349768
48321
47809
417162
50241
48449
403626
50913
47041
331560
50081
47777
333543
48737
47042
411113
49985
46561
406762
49089
47297
397833
50113
48097
401001
48929
47297
407722
49505
48258
370633
49569
48001
328263
50849
47393
398153
49505
48130
406889
50049
46817
343144
48513
46689
418634
49505
46498
380745
48577
47809
388041
49729
47329
363241
48481
47681
409034
49441
47745
402793
48417
48289
420362
47585
47425
421130
49633
48225
375529
48577
48129
401642
48641
47298
410026
48001
47490
426058
48674
47681
393993
50274
47746
337512
50529
47457
325160
50401
46849
352648
49825
47905
404714
48353
46273
401290
47969
46498
417162
47649
47074
419402
49442
46657
391753
48609
46753
417994
48257
46817
375273
49537
46753
373065
48353
47809
419082
50081
46945
376841
49025
47777
394665
49153
46433
398858
49601
46785
409450
50209
46977
402121
47617
46817
422698
50337
47009
359304
49953
48129
330600
48321
46913
414634
48289
48097
401225
49025
49089
369801
47745
48065
427242
50913
47841
337832
50049
48289
356072
49057
48609
360712
49793
47362
386377
49057
47265
353256
49089
48225
402089
48545
47777
397385
48929
48097
363144
49186
46849
347816
49441
47393
337064
49377
47969
354984
49249
47201
401161
48161
46785
417994
50113
47297
369224
50337
47617
336008
50689
48353
333608
51105
47425
328040
48897
47905
402313
49473
46785
408681
49409
46945
363208
49633
47617
401993
49089
46497
370761
48705
48001
406537
48705
47649
414025
50465
46145
415529
50529
46273
332808
49985
47009
339816
48545
46721
413673
47777
47937
414761
49089
48417
361832
50401
46561
364008
50177
47137
369672
50913
47041
334632
50081
47937
358344
50402
46913
410441
48610
46593
414057
50497
47233
330888
48321
47681
403881
49153
46465
410121
49954
46433
415849
49217
46561
401033
50178
47297
410185
49153
46945
375016
50049
47201
357960
48642
48097
403721
48481
47713
407433
49794
47777
352936
50146
47713
407561
49186
48289
416521
49153
47457
338951
49025
48513
330983
49313
47842
397481
48098
46593
415241
48961
46625
407113
50081
47329
332775
48738
47297
407337
50817
48226
397353
48289
47521
411337
48226
47809
410217
48866
47265
409033
49666
48033
422473
50049
47297
332487
50177
47937
385705
48386
46817
411401
48354
46081
425578
49473
46433
337480
50945
46785
329319
49153
47746
402665
49889
46529
410377
49729
47681
404201
49377
47425
420746
51297
47841
325415
50049
47873
395849
49057
47490
403465
49185
47970
410378
49474
47969
368904
50113
48769
397161
48449
47809
397929
49409
46625
398601
50081
46466
401769
47329
46561
417834
49857
47682
357608
49697
47009
416010
50146
47745
330600
49057
46785
404170
50145
48129
325991
49537
46561
402025
48769
47137
413482
48353
47169
400010
48833
46977
409002
48225
46657
405770
49505
47649
369993
48577
47041
401258
48385
47105
407274
48065
46369
406665
49313
47841
417066
50274
47041
374120
49601
46817
405865
49985
48001
406377
48897
46050
409770
48385
47137
413802
48673
47041
406730
48769
46657
405354
48737
46945
423402
49249
47778
329320
49409
47169
396650
50273
46945
410506
49697
47649
409162
50561
48065
360777
49025
46945
404074
49569
47457
403210
49345
47489
380233
49441
47842
333608
49345
47553
391465
49409
46977
411114
49729
47681
400361
49185
47137
361321
48865
47617
414474
48705
46689
362985
49537
48065
393129
50529
47169
425482
50497
47138
331304
48673
46690
374857
48993
47265
410378
50017
46913
404426
48289
46913
408650
51105
47073
401897
48641
46945
420362
49313
47553
351656
49537
47777
349992
48865
47297
407306
48545
46241
422762
49857
46305
376169
49473
46849
388873
49697
47329
334152
50881
47169
347752
49857
47521
408970
48737
47873
401321
49313
47169
407050
49345
48481
403849
48961
46721
411946
48801
47425
416489
49985
47169
385577
49377
47169
357032
48993
47425
401641
48897
47169
412521
48385
48033
399017
48225
47265
423018
49473
46529
357480
49985
46881
397417
48801
47297
409609
49441
47457
408553
48097
46753
408809
50081
46913
360744
49825
47681
426698
50369
46881
335336
50593
47073
331368
48705
46529
374121
49857
46689
410217
48993
46785
412009
49249
46337
410761
49026
46657
404649
50465
46913
355624
49761
47297
413097
51105
47553
335207
49953
47713
322439
49953
47009
398313
50530
47329
394345
49954
47617
392393
48865
46945
414825
49026
47809
396425
48545
46721
417513
50337
46337
332072
49921
47137
356040
49954
47489
402217
49602
46017
417545
49601
47457
330567
49729
47073
397961
48193
46497
410569
47905
46625
423273
48929
47361
382313
48289
47745
396649
50817
47457
333159
49697
47073
388617
48545
46977
396425
47585
46401
432106
51617
46977
331559
50146
46177
365192
50337
46561
324679
49473
47618
393449
49666
48449
405737
49121
47073
409481
48449
47169
388136
49633
47393
332039
50145
47009
408777
49377
46274
406089
51010
46337
368584
49345
47105
418697
49410
46145
367048
49825
47425
393993
48513
46401
408425
49121
46849
422250
51169
46881
325927
50337
48194
400137
49538
46945
412329
49057
46977
408009
50881
47521
334119
49345
48194
405065
48929
47714
416266
50913
47361
334920
49121
46721
398282
50209
47105
339880
49025
47361
361257
50337
48161
332039
49793
47233
399658
49954
47009
368904
48961
47393
398505
48225
46561
413642
48705
46433
364585
49505
47905
402250
49729
47106
361960
49633
48065
400137
49377
47617
406346
49249
47329
335239
49921
48001
402602
50593
47041
377961
48737
46689
396265
50402
48162
325256
49505
46209
404330
49121
46657
397866
50049
45889
408522
49537
46593
396970
49473
46561
410698
49889
46849
395114
48609
47713
414570
51105
46561
373385
50465
47073
360680
49954
47137
334216
49441
46497
344808
49185
46913
372169
50945
47329
364937
51169
47329
339592
50209
46721
341192
48673
46881
411082
49634
47361
380041
48097
47745
413034
49697
46433
403081
49730
46690
341640
50209
46722
340584
49473
46017
355593
48321
46241
385001
48545
46657
412042
49729
46209
418826
50081
48001
332776
50113
47361
335400
50113
46913
328488
48961
46977
400682
48545
47681
396969
48097
46593
408650
48801
46177
366953
50690
48610
335336
49697
48033
352744
48513
45313
423434
49025
47041
365736
50369
46881
338312
49569
48033
333320
48257
47361
409130
48705
47201
410697
50273
47329
362984
50753
47713
337960
50145
47009
367241
48833
47329
419594
50785
47457
352552
49953
48417
347272
49217
47041
332232
48961
46369
407401
49377
46721
373673
49633
47041
340392
49729
46753
358952
49889
47969
362120
49921
47553
406889
49794
47233
391049
48801
48353
416425
49921
47521
351048
49505
47521
405865
48577
46849
415657
49218
46849
397129
48513
48097
415626
48705
46945
415018
49665
48129
406345
47906
46433
411945
50209
47361
353384
49153
47745
402921
49089
48065
401833
49217
47361
395177
49506
47297
411849
50721
46849
325447
50433
47713
350056
49250
47169
402057
48801
47489
414121
49026
47137
351816
49121
46753
408905
48353
46977
417897
50529
48097
337351
49505
47201
368872
49057
47297
371368
48225
47137
415625
50369
46913
336743
51361
48545
327111
49153
47362
351912
49249
46657
342984
50754
46754
348680
49601
46369
396009
48545
47617
404713
49570
47521
364872
49889
47041
351208
50082
48257
353032
48193
47329
415977
48737
47009
415913
50241
47425
344935
49762
47233
354600
49730
47681
413385
48321
47266
393833
49377
47105
410089
48993
48097
380553
48961
48193
380008
48993
47777
401097
48289
47137
407561
50849
47265
356488
50689
47138
402249
49313
46945
401065
49954
46209
415689
48705
46913
407113
49057
46658
399401
49377
46306
405385
49697
47201
392970
49953
46241
328743
49793
46561
403402
50817
47521
331591
48929
46914
407530
48513
47073
398153
48929
46497
417610
49857
46817
342504
50626
47714
321128
49697
47361
329672
49665
45505
354409
49633
47841
332679
48289
47489
392489
50337
47585
354536
48962
47201
375625
49217
46593
382248
49794
46753
372552
49057
46914
423914
50786
47009
324616
50497
47361
403849
48769
47009
453898
52226
47137
342888
48993
47137
393481
50722
47393
326088
48801
47745
408266
49025
46785
410186
50050
47233
379625
49409
47073
399914
49665
48129
397962
48417
47042
408073
49793
46881
380808
50305
48321
400233
49057
47138
414538
48929
46946
421290
50818
46274
331752
49505
47329
364873
49697
47425
356297
49953
46913
418986
50177
46273
398314
49825
46337
411498
48289
48385
395849
49153
48033
418666
48289
47361
336520
50594
47810
332776
48257
47681
410314
50241
47649
334536
50369
47649
322760
47873
46977
419242
50497
47809
389225
50370
47938
338632
51234
46402
328328
50561
47361
403209
48961
47425
403785
49505
46977
368553
49217
46241
407977
49121
46689
367464
49953
47009
336648
49025
47489
356168
48641
46561
385321
47681
46369
410954
48705
46529
423786
49473
48193
329352
48865
46241
400041
48641
46401
405834
48385
46849
409386
48737
46593
412650
49505
46849
354504
49474
47041
383913
49345
48321
407722
50049
48193
392425
49249
46785
412906
49153
46433
410346
48577
46241
421162
49377
46657
334664
48737
46849
366440
48898
47073
403401
49025
47905
369960
49601
47233
357352
48801
47713
419210
50913
46593
354600
49570
46561
397673
50210
47233
397001
49921
47009
375913
48353
47137
407242
48673
48353
415402
49665
47009
368520
51009
46017
353512
49793
47617
332264
50369
47649
399209
49217
47905
408681
50305
47329
407561
49409
46977
409866
49793
47361
409193
49185
48865
406345
49377
46945
401481
49441
47521
417769
49985
47681
348936
48577
47969
411273
48545
46625
385481
50081
47937
336584
48897
46945
363880
49505
47489
405577
49857
46657
420490
50145
46977
331112
49121
47297
355944
47777
47169
409929
50017
47457
373545
49217
47009
412713
49249
47265
338344
48513
46849
340264
49249
47617
333320
49314
46785
393417
48449
47137
415433
49314
46529
406857
50017
46689
361832
48641
46497
415689
48481
47137
371273
49761
46753
384969
48865
47073
409001
50337
46849
412777
50785
47777
348264
54081
46497
408777
49825
46529
333416
48609
47265
363944
49889
47522
401993
50498
47169
357992
49537
46977
358088
48450
46753
417321
50209
47297
372936
49089
47169
410505
51457
46913
329223
50529
46209
348072
48929
47681
400041
47553
46433
421417
49217
47361
395529
48513
47425
419465
48961
46177
334439
49697
47233
325895
48769
46945
376521
48577
47841
402217
47330
47201
415945
50561
47329
333447
50433
47809
334471
47874
46977
372040
49249
46945
334663
48801
46785
406633
50017
47746
398697
49953
47073
407945
48961
48066
401257
50850
47649
322664
50625
47617
324807
49505
47361
382313
47937
47265
423977
50785
46529
336807
49473
46433
330663
49506
47617
355592
48513
47809
415657
49377
46978
359368
50913
48257
323463
49633
47010
396073
50530
47073
407401
49281
46882
401577
49921
47297
402121
50017
48001
375560
49921
47521
408809
49185
46529
338919
50689
47105
328231
49633
47809
401961
48865
47393
404074
49185
47265
440683
58497
50689
213060
55714
48705
312679
53697
47873
335304
53825
48065
330728
53537
47201
288487
50497
47713
328807
53889
46785
341896
52737
46465
330056
52737
46465
325639
53089
46977
335271
53377
47361
332423
52929
48033
344072
52898
48098
324488
52769
47617
323015
50177
47809
409674
52033
46241
338952
53921
48033
332136
52802
47105
333576
52065
46561
336488
52129
48225
332840
51810
48162
326632
52481
47617
339400
52993
47681
340904
52673
47745
332424
51841
47201
399433
50721
47265
409930
52161
47361
344520
52737
48033
334152
51041
47937
334920
51937
47393
327367
49409
47650
416074
52993
47905
327848
53089
47937
324071
52257
47745
393225
53633
48065
338920
52770
47810
329352
52481
48417
339560
52322
47585
332872
51266
48033
340520
52610
47138
330856
52802
47585
326600
49537
48225
399593
50209
47265
405674
52865
47297
333831
51969
47361
395561
48673
48513
413802
49409
48321
321895
51425
47265
348840
52993
48737
334632
52962
47713
333160
52737
47169
341480
52929
48193
361513
52706
48321
325320
52546
47138
350280
54402
48929
280455
49057
47617
357641
49921
47841
399305
49761
46913
395241
49985
47233
397609
50081
47489
388073
49633
48129
399370
50786
47361
381033
49537
48929
407018
52705
46817
360521
52225
46561
391433
51521
46625
399210
53153
47297
401578
48993
47425
407882
53538
47617
331080
51361
47937
413066
52737
47905
350920
51233
47905
360009
51329
46785
416458
51585
47041
387817
49953
47457
401801
51745
47969
396009
53633
47425
339080
52225
49057
645999
58178
51649
51489
48257
459243
52737
48513
317319
49825
48033
353096
49153
47809
409802
51521
48033
353928
49921
48513
352840
49825
47265
411914
49857
48673
393385
50145
48481
365801
50721
47905
386057
49601
48065
405674
49473
47489
411018
49345
47969
392841
48865
46369
383145
49761
47681
405513
49441
47585
407498
49249
48353
372521
49217
46721
372521
49345
46881
358441
47777
47425
424970
49345
48385
397737
49089
47809
359305
49569
47617
406634
50337
48481
400873
48033
47809
416874
49185
48001
368937
50113
48161
363560
51617
47681
364393
52353
46657
361321
49537
47426
380521
49697
47297
360937
49729
47201
413738
48929
47137
412202
49505
47681
371337
49025
48481
368745
48513
46785
374409
49186
47233
342792
50177
48417
373097
49601
47137
357768
49377
47681
359944
49281
47489
409258
50273
47553
389417
49153
47745
372841
50049
47681
358728
49377
47425
380777
49057
47233
394313
48385
47297
383465
49985
48065
366216
49857
47393
372713
49857
47425
372969
50593
47233
335784
49633
47233
367240
48801
46241
372168
49793
47489
376265
49666
47521
395049
49217
47777
403241
50273
48769
368872
48481
48097
368969
49409
46881
380233
50369
48065
358728
49281
47297
408105
49889
47970
346888
49505
48577
365384
50273
47873
364680
49025
48673
397193
50465
47489
370632
49985
48097
362312
50049
48321
424746
50657
47201
324904
50305
46753
385321
50273
48065
374376
49761
47713
378568
50593
49089
327303
50689
47393
380809
50530
46945
363720
49633
48481
367080
50273
47969
370824
49665
46689
400393
51457
47521
343528
49249
46913
376489
49441
47361
355912
49089
47937
409289
48673
47233
411786
50049
47201
374985
48865
47617
373673
48993
47489
385673
52065
47041
355656
50017
47265
374760
49889
46561
377640
48481
47137
376521
49217
47553
374920
48289
46849
412457
50113
46721
374632
49217
46561
380265
49889
48097
368456
48641
46593
376777
48514
47361
404137
50177
46689
377320
52545
48097
366888
49089
48225
375497
48993
48321
365800
49217
46977
374889
52257
47809
368552
49601
47297
374696
48865
47489
370952
48481
47617
412393
48993
47521
377832
48929
47137
401769
49857
47169
371560
52609
47681
376040
49857
46593
376616
49121
47713
372648
48994
46753
408233
49217
48033
370696
49153
47201
370184
49761
47969
374216
50273
47713
375144
51809
47649
369992
50369
47457
374632
49441
48417
375752
48865
46881
407209
50433
47649
373736
49441
48161
372392
49345
47553
373800
48705
47841
388136
49826
47873
366824
51905
48513
378632
48961
47554
362248
49921
48290
399561
51137
47873
367656
48865
47073
411369
48898
47873
373192
48866
46945
366120
49569
47521
376072
48641
48226
399753
49921
48417
376584
51329
47265
370376
52129
47393
369224
49793
48193
373864
53153
47873
382441
49953
47746
354952
50337
47681
376232
49634
47393
381961
48321
48385
359305
50913
47489
338887
49281
48001
385801
49217
48066
358824
51841
47233
376937
53346
48066
365641
52609
46817
357545
51905
47361
363273
50273
47425
361577
48929
48161
352872
48161
47873
419369
52481
47169
368329
50881
47521
361961
50561
48001
372520
49377
48386
401897
52354
48193
361545
50146
47329
381993
51489
47745
345800
50529
47713
370281
48641
47585
363113
49825
47585
369577
50305
47745
358921
49217
46242
371049
51649
46593
368265
48417
47361
370409
49793
46946
369513
49186
47809
376361
49697
48161
400265
48321
47969
422986
48609
47809
365768
49409
47489
395337
49761
48065
408394
49601
47361
364841
48289
47969
358440
49570
47713
371945
48737
47393
405386
49153
47041
377641
54177
47777
356873
50433
47553
375721
50113
48257
362121
49409
47297
376745
48481
47809
364393
49314
47041
383113
49441
47233
352808
48993
47841
366249
49153
47585
355593
50529
47649
365673
50529
47553
392617
50145
46945
371945
50561
46625
369801
48673
46785
390089
50721
47489
363145
50273
47361
404010
48897
47809
412202
49889
47233
356329
49121
47137
413706
49633
47777
396745
49793
47777
410442
50433
48673
363977
50785
47585
363145
49857
47297
403721
49441
46785
353320
51073
48033
360648
48961
48545
364361
49473
47233
366473
50177
47713
357641
50497
47585
389897
49345
46753
379433
49313
48449
369481
52065
47649
364201
48545
47617
416778
47937
46786
425450
50689
47105
352456
49953
47585
359080
49953
48257
355560
48321
46689
418858
49409
47777
361321
48033
46689
419946
52417
47521
361993
52929
47585
380425
50017
47585
368553
52609
47553
355337
49185
47777
409898
49697
48641
371817
49313
46849
413578
49409
47425
359369
49985
46945
408810
49505
47009
408554
48577
47169
420874
51617
47777
358408
48769
47297
420746
49025
47745
366953
50081
46657
402921
47905
47169
413930
48897
47553
371497
49601
46881
371913
52289
47585
365448
47937
47681
410921
51745
47937
364456
50337
47681
376521
49601
47649
360616
48801
46849
410570
49409
47681
411626
48513
46657
368425
48065
46625
408426
49089
47521
422538
50593
46881
351912
49601
47393
385065
49953
47489
356904
48801
46849
412393
49665
47265
371016
49089
48833
365256
48129
47777
412425
50625
48513
333512
50625
47777
377257
49953
48353
355048
48833
47585
378216
49313
47361
362504
47585
46881
418986
48769
47233
363272
49601
46241
414346
49505
47233
372233
48289
46145
414985
48641
46593
360296
50241
47393
406281
48769
48033
374249
49697
46369
403593
49057
47425
386313
49665
46817
370216
52481
46689
369384
49601
48385
368936
49633
47713
414153
50370
48193
358984
49506
47329
360584
49473
46753
367080
49441
47905
364936
50273
46465
359432
49793
47649
413289
50369
46945
379049
51713
47137
367176
50945
48641
368040
50177
47937
339976
48481
47873
360296
50210
47169
404425
50786
46881
412361
50305
47234
394057
49121
47329
379401
48513
48193
381768
49857
47457
370376
49249
47873
359048
48001
47233
419721
49121
46497
360872
49409
48193
372776
48898
48129
417225
50273
48162
350888
49537
46113
364072
49506
46721
407977
48833
47585
366760
49601
47937
367208
49602
47457
413097
48833
48065
366984
48961
46337
370248
49730
47937
360968
49313
46273
400937
48802
47553
419689
50657
47873
400777
50146
48737
368360
49954
48577
364936
48418
47105
418857
49410
48097
365960
50561
46817
370760
48481
47138
406601
50401
48097
349288
48834
46945
416201
49601
48258
403785
49986
47649
355208
49601
47265
398953
49377
46849
373064
48129
46369
431401
49218
46881
373320
50817
47681
349096
49537
47873
350888
49313
47138
409513
49569
47233
397641
48769
46497
413609
48770
47233
368616
48834
46913
356808
48385
47777
406825
48673
46306
410505
49217
47073
369993
49185
46402
360968
51362
46817
368424
49601
47713
378408
50369
47841
390505
49185
47809
401225
49857
48001
372424
49473
47042
402985
50785
48801
366984
49729
48545
396009
49857
47777
343559
49633
46434
360616
48577
47457
412233
49953
47745
355176
48257
46977
425834
50241
47041
334503
48418
47553
383209
48577
48257
397673
49057
48321
399529
49601
47201
373928
48801
47073
418634
50145
48417
387689
49025
48321
389161
49410
47137
365064
48833
47650
409066
49985
47266
359816
49506
46721
373449
50274
47809
372105
48449
48161
403273
48801
47649
376808
49505
48545
394665
48833
47682
417898
48705
47969
366504
48705
48193
412201
48577
47457
386857
49602
47905
370952
49569
46785
407786
50273
47938
360712
49537
48225
391689
50978
47105
382985
49601
48097
391401
49121
48001
407562
48897
47298
365768
49505
47074
406345
50689
46625
413642
50305
48193
360777
49953
47553
394089
52513
48130
372713
51009
47265
369193
50049
47809
395849
49441
47361
372617
49857
46049
408874
49665
46497
364681
49537
47266
417802
48897
47329
361097
48961
46497
407946
49409
46690
411338
51329
48673
400330
48385
47201
402538
49089
47106
426442
49505
46401
368713
50433
46497
389289
48001
48097
412426
50561
47778
381865
48321
47777
360809
48193
48129
421354
49121
47873
361000
49793
47169
356521
50145
47393
396777
50753
47009
403754
48929
47265
409546
50401
47842
383273
50593
47841
367305
49889
46881
357673
49985
47617
403242
48609
47842
415114
50017
47553
409802
48545
47521
405770
48833
46370
422442
48513
47169
392041
49889
47009
394825
48001
46689
373129
48257
47041
414506
48225
46817
367721
47649
47393
418986
50657
46529
337960
49121
47617
354376
49793
47233
411881
49505
47137
327528
49473
48129
368873
49441
46721
405578
50241
46433
409386
48833
47649
363177
49537
47841
396585
49217
46241
410570
49089
46721
400585
49697
47521
414698
49633
47265
355688
50977
48065
403753
49985
47745
382473
49921
47777
364585
48577
47233
415242
52193
47553
367400
49505
47457
360104
49985
48161
416586
49889
47361
358920
49153
48353
405578
49345
48193
381225
49185
46945
361992
49154
48097
393065
49569
47969
395913
49761
47073
406986
49633
47905
399337
50849
48161
404521
49793
47617
395369
49217
48129
413994
50721
46849
387113
50561
47809
352392
48257
46753
410346
49377
48033
410538
49697
47713
376905
49505
47905
375849
49345
47969
369576
50305
48129
354984
49857
48129
403305
50177
47105
362056
49601
46465
417226
49697
47617
350792
48737
47393
